#time,accel_x,accel_y,accel_z
163518.429153,-74.020594,-9474.636058,-689.485948
163518.429472,-2368.659014,-8956.491898,-1225.752797
163518.429792,0.000000,-10288.862594,1225.752797
163518.430112,-74.020594,-9474.636058,-1532.190996
163518.430432,-74.020594,-8882.471304,-1608.800546
163518.430752,370.102971,-9178.553681,0.000000
163518.431072,296.082377,-8808.450710,-536.266849
163518.431392,444.123565,-8882.471304,-153.219100
163518.431712,1776.494261,-10881.027347,1762.019645
163518.432032,814.226536,-9844.739029,306.438199
163518.432352,740.205942,-9844.739029,0.000000
163518.432672,3182.885551,-10658.965565,-76.609550
163518.432992,0.000000,-7772.162391,0.000000
163518.433311,0.000000,-7179.997637,0.000000
163518.433631,1110.308913,-9474.636058,-76.609550
163518.433951,0.000000,-9104.533087,0.000000
163518.434271,-814.226536,-9474.636058,306.438199
163518.434591,-1184.329507,-9030.512492,-459.657299
163518.434911,-740.205942,-11029.068536,1762.019645
163518.435231,-1036.288319,-8364.327145,-2451.505594
163518.435551,-1776.494261,-9548.656652,306.438199
163518.435871,-888.247130,-10436.903782,536.266849
163518.436191,-666.185348,-10658.965565,-76.609550
163518.436511,-74.020594,-11251.130318,-76.609550
163518.436830,-962.267725,-9548.656652,-536.266849
163518.437150,-666.185348,-9474.636058,-612.876398
163518.437470,-888.247130,-9326.594869,-306.438199
163518.437790,0.000000,-9548.656652,612.876398
163518.438110,-74.020594,-9770.718434,-612.876398
163518.438430,1110.308913,-10658.965565,-76.609550
163518.438750,0.000000,-8882.471304,-689.485948
163518.439070,-74.020594,-8216.285956,-1915.238745
163518.439390,1184.329507,-10436.903782,1149.143247
163518.439710,0.000000,-8660.409521,0.000000
163518.440030,814.226536,-9400.615463,229.828649
163518.440349,1110.308913,-9252.574275,459.657299
163518.440669,888.247130,-9030.512492,76.609550
163518.440989,-666.185348,-7179.997637,-1838.629195
163518.441309,-74.020594,-9104.533087,-76.609550
163518.441629,-222.061783,-8956.491898,-306.438199
163518.441949,-814.226536,-9770.718434,-306.438199
163518.442269,-1554.432478,-9252.574275,-76.609550
163518.442589,-666.185348,-11029.068536,2221.676944
163518.442909,-1184.329507,-9548.656652,612.876398
163518.443229,-74.020594,-9474.636058,-76.609550
163518.443549,-1184.329507,-8808.450710,0.000000
163518.443868,-1776.494261,-8956.491898,0.000000
163518.444188,-666.185348,-7994.224174,-1608.800546
163518.444508,-888.247130,-9770.718434,-612.876398
163518.444828,-1480.411884,-9474.636058,-766.095498
163518.445148,-1406.391290,-9474.636058,-766.095498
163518.445468,-74.020594,-10362.883188,-76.609550
163518.445788,-74.020594,-10658.965565,-383.047749
163518.446108,-1480.411884,-8512.368333,-1532.190996
163518.446428,814.226536,-9474.636058,-76.609550
163518.446748,2294.638420,-10066.800811,-383.047749
163518.447068,0.000000,-7179.997637,0.000000
163518.447388,1110.308913,-8882.471304,-383.047749
163518.447707,592.164754,-8956.491898,0.000000
163518.448027,740.205942,-8660.409521,383.047749
163518.448347,296.082377,-9104.533087,0.000000
163518.448667,370.102971,-9474.636058,1149.143247
163518.448987,-370.102971,-8068.244768,-1378.971896
163518.449307,0.000000,-9474.636058,-76.609550
163518.449627,-1998.556043,-8068.244768,-1225.752797
163518.449947,-740.205942,-9844.739029,383.047749
163518.450267,-2368.659014,-7772.162391,0.000000
163518.450587,-666.185348,-9474.636058,-76.609550
163518.450907,-814.226536,-9178.553681,-383.047749
163518.451226,-1184.329507,-9178.553681,76.609550
163518.451546,-1184.329507,-8882.471304,-76.609550
163518.451866,-74.020594,-10658.965565,-76.609550
163518.452186,-74.020594,-11843.295072,-76.609550
163518.452506,-2146.597232,-8364.327145,-2298.286494
163518.452826,-1628.453072,-9770.718434,0.000000
163518.453146,296.082377,-9992.780217,306.438199
163518.453466,-1480.411884,-7920.203579,-2451.505594
163518.453786,518.144159,-9474.636058,-383.047749
163518.454106,518.144159,-9252.574275,0.000000
163518.454426,1554.432478,-8882.471304,0.000000
163518.454745,3182.885551,-9474.636058,-76.609550
163518.455065,296.082377,-7772.162391,0.000000
163518.455385,2960.823768,-10362.883188,536.266849
163518.455705,2294.638420,-9474.636058,689.485948
163518.456025,74.020594,-7328.038826,-1838.629195
163518.456345,592.164754,-8364.327145,306.438199
163518.456665,2590.720797,-9104.533087,229.828649
163518.456985,3478.967927,-9474.636058,689.485948
163518.457305,3627.009116,-9400.615463,612.876398
163518.457625,3034.844362,-8808.450710,689.485948
163518.457945,4145.153275,-8512.368333,536.266849
163518.458265,4145.153275,-8808.450710,459.657299
163518.458584,4737.318029,-8660.409521,0.000000
163518.458904,6957.935855,-10658.965565,1608.800546
163518.459224,2886.803174,-8512.368333,-1072.533697
163518.459544,2368.659014,-7772.162391,0.000000
163518.459864,3923.091493,-9918.759623,-1915.238745
163518.460184,3849.070898,-10066.800811,-1838.629195
163518.460504,4441.235652,-9992.780217,-1378.971896
163518.460824,5847.626942,-8882.471304,-2221.676944
163518.461144,8808.450710,-9474.636058,-689.485948
163518.461464,8068.244768,-9474.636058,-76.609550
163518.461784,5403.503377,-8734.430116,-842.705048
163518.462103,4811.338623,-11325.150913,0.000000
163518.462423,4811.338623,-12805.562797,1762.019645
163518.462743,296.082377,-11029.068536,0.000000
163518.463063,2442.679609,-11251.130318,842.705048
163518.463383,3775.050304,-9030.512492,1455.581446
163518.463703,4959.379811,-6513.812290,995.924147
163518.464023,7031.956449,-5625.565159,-76.609550
163518.464343,3552.988522,-2442.679609,-2451.505594
163518.464663,4737.318029,-5403.503377,-919.314598
163518.464983,4737.318029,-7254.018232,-2451.505594
163518.465303,4663.297435,-11547.212695,-1149.143247
163518.465622,1776.494261,-13397.727550,-612.876398
163518.465942,1406.391290,-15766.386565,-1455.581446
163518.466262,2220.617826,-16580.613101,1838.629195
163518.466582,2886.803174,-13693.809927,3294.210641
163518.466902,2738.761985,-8660.409521,766.095498
163518.467222,2960.823768,-5107.421000,0.000000
163518.467542,0.000000,-3034.844362,-2451.505594
163518.467862,1776.494261,-4811.338623,0.000000
163518.468182,3997.112087,-8290.306550,-76.609550
163518.468502,2294.638420,-9474.636058,-76.609550
163518.468822,-2368.659014,-9548.656652,-2145.067394
163518.469141,-3923.091493,-10955.047942,-1838.629195
163518.469461,-1702.473667,-11769.274478,-383.047749
163518.469781,1406.391290,-9918.759623,153.219100
163518.470101,1850.514855,-8364.327145,-1915.238745
163518.470421,2294.638420,-10362.883188,689.485948
163518.470741,1998.556043,-10362.883188,1762.019645
163518.471061,1184.329507,-7476.080014,1225.752797
163518.471381,1480.411884,-7179.997637,-612.876398
163518.471701,1406.391290,-8734.430116,-1302.362347
163518.472021,-2812.782580,-7772.162391,-4903.011187
163518.472341,-148.041188,-11917.315666,-2145.067394
163518.472661,1332.370696,-13841.851115,689.485948
163518.472980,888.247130,-12065.356855,2681.334243
163518.473300,-370.102971,-7846.182985,-76.609550
163518.473620,1850.514855,-8586.388927,2298.286494
163518.473940,3478.967927,-7105.977043,229.828649
163518.474260,6069.688724,-7772.162391,4443.353888
163518.474580,5033.400406,-4811.338623,6128.763984
163518.474900,2960.823768,-2442.679609,1225.752797
163518.475220,962.267725,-6735.874072,-4366.744339
163518.475540,-2812.782580,-11029.068536,-7737.564530
163518.475860,-3108.864956,-14508.036463,-6665.030833
163518.476180,-1258.350101,-15988.448347,-4060.306139
163518.476499,-2294.638420,-14211.954086,-4060.306139
163518.476819,-1184.329507,-11399.171507,-3447.429741
163518.477139,4737.318029,-9548.656652,0.000000
163518.477459,12139.377449,-8660.409521,7814.174080
163518.477779,13545.768739,-1850.514855,6894.859482
163518.478099,12657.521608,0.000000,6665.030833
163518.478419,6661.853478,-1776.494261,1225.752797
163518.478739,3849.070898,-7476.080014,-1302.362347
163518.479059,3034.844362,-11769.274478,-1149.143247
163518.479379,592.164754,-15100.201217,-383.047749
163518.479699,-2368.659014,-14359.995275,-5898.935335
163518.480018,-2368.659014,-13767.830521,-7967.393179
163518.480338,74.020594,-14508.036463,-4749.792088
163518.480658,3849.070898,-10955.047942,-1838.629195
163518.480978,4959.379811,-7254.018232,1225.752797
163518.481298,9400.615463,-8882.471304,4826.401637
163518.481618,8216.285956,-4589.276840,3600.648841
163518.481938,7994.224174,-3923.091493,3830.477490
163518.482258,7105.977043,-4885.359217,5592.497135
163518.482578,9104.533087,-8290.306550,7277.907231
163518.482898,4737.318029,-5699.585753,1225.752797
163518.483218,962.267725,-8586.388927,-3064.381992
163518.483537,-3034.844362,-12731.542202,-6128.763984
163518.483857,-5551.544565,-14285.974681,-6894.859482
163518.484177,-3701.029710,-16136.489536,-5745.716235
163518.484497,-1554.432478,-14804.118840,-4979.620737
163518.484817,-1258.350101,-12435.459826,-3753.867940
163518.485137,888.247130,-8956.491898,-1455.581446
163518.485457,4071.132681,-5181.441594,0.000000
163518.485777,6291.750507,-6957.935855,4826.401637
163518.486097,8882.471304,-4145.153275,6281.983084
163518.486417,6883.915261,-2368.659014,4136.915689
163518.486737,5551.544565,-6439.791695,3524.039291
163518.487057,3775.050304,-10584.944971,2374.896044
163518.487376,74.020594,-11473.192101,-1225.752797
163518.487696,-2738.761985,-11103.089130,-5592.497135
163518.488016,-6217.729913,-12509.480420,-6128.763984
163518.488336,-3552.988522,-12213.398043,-3524.039291
163518.488656,-74.020594,-11843.295072,-3753.867940
163518.488976,4885.359217,-10732.986159,2068.457845
163518.489296,5625.565159,-7179.997637,2834.553343
163518.489616,4885.359217,-5699.585753,2987.772442
163518.489936,4663.297435,-6513.812290,4213.525239
163518.490256,3997.112087,-7994.224174,4213.525239
163518.490576,2368.659014,-7772.162391,2451.505594
163518.490895,1110.308913,-9474.636058,-995.924147
163518.491215,-1554.432478,-9474.636058,-4060.306139
163518.491535,-3552.988522,-8364.327145,-7354.516781
163518.491855,-666.185348,-12435.459826,-4979.620737
163518.492175,1406.391290,-13249.686362,-2298.286494
163518.492495,3701.029710,-11547.212695,-306.438199
163518.492815,3330.926739,-10288.862594,919.314598
163518.493135,5625.565159,-11621.233289,3983.696590
163518.493455,6883.915261,-6883.915261,2834.553343
163518.493775,5921.647536,-5107.421000,4290.134789
163518.494095,6513.812290,-5403.503377,3677.258390
163518.494414,5551.544565,-6957.935855,-76.609550
163518.494734,-1776.494261,-5403.503377,-4903.011187
163518.495054,518.144159,-10955.047942,-4519.963438
163518.495374,370.102971,-12139.377449,-4290.134789
163518.495694,1702.473667,-12879.583391,-3524.039291
163518.496014,2664.741391,-13471.748144,-1225.752797
163518.496334,2516.700203,-11843.295072,-76.609550
163518.496654,5255.462188,-12435.459826,2374.896044
163518.496974,6143.709319,-11843.295072,6665.030833
163518.497294,7328.038826,-5181.441594,3907.087040
163518.497614,4737.318029,-3627.009116,4673.182538
163518.497933,0.000000,-1258.350101,0.000000
163518.498255,2664.741391,-7328.038826,-995.924147
163518.498574,1998.556043,-8512.368333,-2068.457845
163518.498894,1480.411884,-10732.986159,-3217.601092
163518.499213,-74.020594,-11843.295072,-4979.620737
163518.499533,-74.020594,-15396.283594,-4979.620737
163518.499852,1702.473667,-16580.613101,-383.047749
163518.500172,4071.132681,-14211.954086,842.705048
163518.500492,3404.947333,-8956.491898,1762.019645
163518.500811,2368.659014,-5995.668130,1838.629195
163518.501131,2664.741391,-5699.585753,0.000000
163518.501450,5255.462188,-7920.203579,1532.190996
163518.501770,4959.379811,-7328.038826,2298.286494
163518.502089,3701.029710,-6143.709319,229.828649
163518.502409,2886.803174,-11843.295072,-383.047749
163518.502729,-4145.153275,-9548.656652,-2911.162892
163518.503048,-3478.967927,-13101.645173,-1072.533697
163518.503368,-1998.556043,-11991.336260,-76.609550
163518.503687,-1850.514855,-11251.130318,-1302.362347
163518.504007,-4737.318029,-7179.997637,0.000000
163518.504326,-740.205942,-7105.977043,536.266849
163518.504646,2294.638420,-7624.121203,3217.601092
163518.504965,2146.597232,-4589.276840,2911.162892
163518.505285,74.020594,-6291.750507,995.924147
163518.505605,-2220.617826,-7179.997637,459.657299
163518.505924,-4737.318029,-9696.697840,-2145.067394
163518.506244,-6661.853478,-11621.233289,-3064.381992
163518.506563,-8586.388927,-13323.706956,-3753.867940
163518.506883,-5995.668130,-15396.283594,-1302.362347
163518.507202,-7105.977043,-9548.656652,-3677.258390
163518.507522,-1554.432478,-10288.862594,-995.924147
163518.507842,-1332.370696,-7772.162391,0.000000
163518.508161,518.144159,-9104.533087,1608.800546
163518.508481,-74.020594,-7105.977043,2374.896044
163518.508800,518.144159,-7105.977043,2757.943793
163518.509120,-3923.091493,-5921.647536,1149.143247
163518.509439,-5329.482782,-6587.832884,0.000000
163518.509759,-2146.597232,-9474.636058,459.657299
163518.510078,-1036.288319,-12065.356855,2681.334243
163518.510398,-2960.823768,-9548.656652,-2145.067394
163518.510718,-5033.400406,-10436.903782,-3983.696590
163518.511037,-5329.482782,-12805.562797,-3753.867940
163518.511357,-3552.988522,-10140.821405,-2987.772442
163518.511676,-666.185348,-11547.212695,-76.609550
163518.511996,-74.020594,-8734.430116,3600.648841
163518.512315,-1850.514855,-6143.709319,383.047749
163518.512635,2072.576638,-5921.647536,4749.792088
163518.512954,6735.874072,-6587.832884,7277.907231
163518.513274,2368.659014,-3627.009116,2451.505594
163518.513594,2220.617826,-7550.100608,-229.828649
163518.513913,0.000000,-11621.233289,-1302.362347
163518.514233,-814.226536,-13101.645173,-2451.505594
163518.514552,-666.185348,-14211.954086,-2528.115143
163518.514872,-5181.441594,-10732.986159,-4903.011187
163518.515191,-5921.647536,-11325.150913,-4903.011187
163518.515511,0.000000,-9548.656652,-4903.011187
163518.515831,3552.988522,-8956.491898,0.000000
163518.516150,5255.462188,-4959.379811,306.438199
163518.516470,7031.956449,-7550.100608,1762.019645
163518.516789,6513.812290,-8438.347739,3677.258390
163518.517109,6439.791695,-8512.368333,3370.820191
163518.517428,3330.926739,-10066.800811,2987.772442
163518.517748,592.164754,-10140.821405,1378.971896
163518.518067,-814.226536,-11177.109724,-1532.190996
163518.518387,0.000000,-8882.471304,-2221.676944
163518.518707,1258.350101,-10510.924376,-2374.896044
163518.519026,-1110.308913,-8586.388927,-3677.258390
163518.519346,0.000000,-8364.327145,-6128.763984
163518.519665,-666.185348,-10362.883188,-2528.115143
163518.519985,1184.329507,-9696.697840,306.438199
163518.520304,3034.844362,-9474.636058,2451.505594
163518.520624,814.226536,-7105.977043,2374.896044
163518.520943,888.247130,-7772.162391,3370.820191
163518.521263,1554.432478,-6661.853478,1608.800546
163518.521583,3478.967927,-7624.121203,1149.143247
163518.521902,1110.308913,-7031.956449,0.000000
163518.522222,-2368.659014,-11695.253884,-2221.676944
163518.522541,-2368.659014,-10436.903782,-2145.067394
163518.522861,-666.185348,-13915.871710,-1915.238745
163518.523180,-5699.585753,-13027.624579,-2528.115143
163518.523500,-7179.997637,-10362.883188,-5745.716235
163518.523820,-2516.700203,-13619.789333,-76.609550
163518.524139,-1184.329507,-8956.491898,-612.876398
163518.524459,1998.556043,-6735.874072,1072.533697
163518.524778,518.144159,-5477.523971,1378.971896
163518.525098,740.205942,-8142.265362,2221.676944
163518.525417,0.000000,-6735.874072,1838.629195
163518.525737,444.123565,-10140.821405,2298.286494
163518.526056,-1998.556043,-9844.739029,3907.087040
163518.526376,-4811.338623,-9770.718434,-2298.286494
163518.526696,-5403.503377,-9548.656652,-1532.190996
163518.527015,-74.020594,-11843.295072,-76.609550
163518.527335,-2294.638420,-9400.615463,0.000000
163518.527654,-3627.009116,-7920.203579,-3064.381992
163518.527974,-3034.844362,-10955.047942,-919.314598
163518.528293,-2368.659014,-9548.656652,612.876398
163518.528613,-2368.659014,-9548.656652,1225.752797
163518.528932,-4367.215058,-6291.750507,0.000000
163518.529252,-2960.823768,-7476.080014,1225.752797
163518.529572,-74.020594,-6809.894666,2451.505594
163518.529891,2886.803174,-6217.729913,1762.019645
163518.530211,1036.288319,-7476.080014,459.657299
163518.530530,-518.144159,-9770.718434,-1225.752797
163518.530850,-1332.370696,-11103.089130,-2145.067394
163518.531169,-1702.473667,-12139.377449,-1302.362347
163518.531489,-3404.947333,-11917.315666,-4290.134789
163518.531809,-4219.173869,-10658.965565,-3447.429741
163518.532128,-4145.153275,-10732.986159,-1838.629195
163518.532448,1184.329507,-7179.997637,0.000000
163518.532767,4737.318029,-8068.244768,1532.190996
163518.533087,7031.956449,-5329.482782,1149.143247
163518.533406,6069.688724,-7920.203579,2374.896044
163518.533726,4663.297435,-7846.182985,2528.115143
163518.534045,4293.194464,-10807.006753,1302.362347
163518.534365,370.102971,-11325.150913,1149.143247
163518.534685,-2812.782580,-11103.089130,-842.705048
163518.535004,-2442.679609,-12657.521608,-1608.800546
163518.535324,-666.185348,-10658.965565,-1302.362347
163518.535643,1406.391290,-8734.430116,-2145.067394
163518.535963,740.205942,-5995.668130,0.000000
163518.536282,4663.297435,-8290.306550,-689.485948
163518.536602,3552.988522,-8660.409521,1838.629195
163518.536922,3256.906145,-8734.430116,919.314598
163518.537241,-1036.288319,-8808.450710,76.609550
163518.537561,-2368.659014,-10732.986159,-76.609550
163518.537880,-2368.659014,-11325.150913,0.000000
163518.538200,-592.164754,-11325.150913,919.314598
163518.538519,1998.556043,-10955.047942,-383.047749
163518.538839,-962.267725,-7994.224174,-1915.238745
163518.539158,-1184.329507,-8956.491898,-4290.134789
163518.539478,2146.597232,-9474.636058,-76.609550
163518.539798,1850.514855,-10362.883188,689.485948
163518.540117,-1628.453072,-8142.265362,612.876398
163518.540437,-3182.885551,-9326.594869,-1225.752797
163518.540756,-1776.494261,-9548.656652,612.876398
163518.541076,0.000000,-7476.080014,0.000000
163518.541395,3108.864956,-8660.409521,3064.381992
163518.541715,814.226536,-7402.059420,-76.609550
163518.542034,-74.020594,-11251.130318,-76.609550
163518.542354,-3478.967927,-8660.409521,-4903.011187
163518.542674,-1480.411884,-12435.459826,-459.657299
163518.542993,-5403.503377,-10066.800811,-1838.629195
163518.543313,-5403.503377,-11547.212695,-1685.410096
163518.543632,-3627.009116,-9474.636058,-76.609550
163518.543952,0.000000,-8290.306550,2374.896044
163518.544271,518.144159,-6439.791695,1838.629195
163518.544591,148.041188,-4219.173869,-1225.752797
163518.544911,1924.535449,-9474.636058,2681.334243
163518.545230,444.123565,-9104.533087,306.438199
163518.545550,-2146.597232,-9030.512492,-1608.800546
163518.545869,-5477.523971,-11399.171507,-1762.019645
163518.546189,-5477.523971,-13101.645173,-2681.334243
163518.546508,-4811.338623,-10732.986159,-2681.334243
163518.546828,-74.020594,-13027.624579,-76.609550
163518.547147,814.226536,-7698.141797,-76.609550
163518.547467,3478.967927,-10140.821405,1685.410096
163518.547787,4663.297435,-7994.224174,842.705048
163518.548106,2368.659014,-8956.491898,612.876398
163518.548426,0.000000,-8364.327145,612.876398
163518.548745,-1406.391290,-8882.471304,-1302.362347
163518.549065,-1110.308913,-11177.109724,919.314598
163518.549384,-222.061783,-9548.656652,229.828649
163518.549704,1998.556043,-9918.759623,1225.752797
163518.550023,3478.967927,-9178.553681,1762.019645
163518.550343,1184.329507,-7772.162391,0.000000
163518.550663,2146.597232,-9474.636058,1149.143247
163518.550982,1702.473667,-9474.636058,-76.609550
163518.551302,-666.185348,-10066.800811,-2911.162892
163518.551621,-2442.679609,-9474.636058,-3753.867940
163518.551941,-2072.576638,-11769.274478,-766.095498
163518.552260,0.000000,-9548.656652,-229.828649
163518.552580,2812.782580,-8660.409521,995.924147
163518.552900,4663.297435,-8216.285956,2374.896044
163518.553219,3701.029710,-8438.347739,306.438199
163518.553539,1998.556043,-8290.306550,-76.609550
163518.553858,592.164754,-8660.409521,-2451.505594
163518.554178,-2072.576638,-11029.068536,-306.438199
163518.554497,-666.185348,-11843.295072,-2528.115143
163518.554817,-2368.659014,-11769.274478,-76.609550
163518.555136,-370.102971,-9474.636058,-383.047749
163518.555456,1406.391290,-7254.018232,-153.219100
163518.555776,1110.308913,-6809.894666,-766.095498
163518.556095,0.000000,-7179.997637,0.000000
163518.556415,2294.638420,-8216.285956,-76.609550
163518.556734,1332.370696,-11473.192101,229.828649
163518.557054,-1998.556043,-9622.677246,-919.314598
163518.557373,-2516.700203,-11103.089130,-1302.362347
163518.557693,-666.185348,-10362.883188,-76.609550
163518.558012,2294.638420,-11843.295072,-76.609550
163518.558332,0.000000,-7179.997637,919.314598
163518.558652,592.164754,-7179.997637,0.000000
163518.558971,3627.009116,-9252.574275,3524.039291
163518.559291,0.000000,-5403.503377,0.000000
163518.559610,666.185348,-9252.574275,1149.143247
163518.559930,-4145.153275,-8290.306550,-766.095498
163518.560249,-4663.297435,-10436.903782,-2221.676944
163518.560569,-4811.338623,-10658.965565,-2298.286494
163518.560889,-3182.885551,-11029.068536,-1302.362347
163518.561208,-1924.535449,-9252.574275,-306.438199
163518.561528,-74.020594,-11843.295072,-76.609550
163518.561847,1110.308913,-9474.636058,-76.609550
163518.562167,592.164754,-9844.739029,1532.190996
163518.562486,-1776.494261,-8660.409521,0.000000
163518.562806,-2516.700203,-9844.739029,-1302.362347
163518.563125,-2294.638420,-10658.965565,-689.485948
163518.563445,-1628.453072,-9252.574275,536.266849
163518.563765,1702.473667,-7994.224174,306.438199
163518.564084,2072.576638,-5699.585753,2451.505594
163518.564404,3552.988522,-7920.203579,2451.505594
163518.564723,2886.803174,-9178.553681,-76.609550
163518.565043,814.226536,-9918.759623,-229.828649
163518.565362,-2368.659014,-9548.656652,306.438199
163518.565682,-3775.050304,-10955.047942,-2604.724693
163518.566002,-4737.318029,-11991.336260,-1762.019645
163518.566321,-3923.091493,-11029.068536,-1225.752797
163518.566641,-2368.659014,-7476.080014,0.000000
163518.566960,-2294.638420,-4959.379811,-689.485948
163518.567280,3478.967927,-8882.471304,-76.609550
163518.567599,592.164754,-6291.750507,612.876398
163518.567919,3849.070898,-9030.512492,0.000000
163518.568238,3182.885551,-9474.636058,2374.896044
163518.568558,-2368.659014,-10140.821405,0.000000
163518.568878,-1850.514855,-10955.047942,-612.876398
163518.569197,-1184.329507,-10807.006753,-842.705048
163518.569517,-1406.391290,-8956.491898,-842.705048
163518.569836,-962.267725,-8290.306550,-2528.115143
163518.570156,1258.350101,-11103.089130,-1302.362347
163518.570475,2146.597232,-9474.636058,-1302.362347
163518.570795,1998.556043,-9178.553681,-1302.362347
163518.571114,-1036.288319,-7772.162391,-1762.019645
163518.571434,-74.020594,-12435.459826,-76.609550
163518.571754,-1776.494261,-8660.409521,0.000000
163518.572073,1776.494261,-10140.821405,842.705048
163518.572393,2072.576638,-7476.080014,1455.581446
163518.572712,1554.432478,-7772.162391,612.876398
163518.573032,1480.411884,-8068.244768,1225.752797
163518.573351,3478.967927,-10140.821405,1685.410096
163518.573671,3552.988522,-9844.739029,2451.505594
163518.573991,-370.102971,-9474.636058,-383.047749
163518.574310,-3330.926739,-11547.212695,-2834.553343
163518.574630,-1850.514855,-12435.459826,-76.609550
163518.574949,-148.041188,-11621.233289,0.000000
163518.575269,-1628.453072,-7031.956449,153.219100
163518.575588,-2146.597232,-7476.080014,-2145.067394
163518.575908,-3552.988522,-7772.162391,612.876398
163518.576227,3701.029710,-6587.832884,612.876398
163518.576547,0.000000,-4219.173869,0.000000
163518.576867,-4145.153275,-8956.491898,-2145.067394
163518.577186,-3034.844362,-11547.212695,-1302.362347
163518.577506,-370.102971,-13027.624579,-689.485948
163518.577825,518.144159,-12657.521608,0.000000
163518.578145,-2960.823768,-9918.759623,-1608.800546
163518.578464,-370.102971,-9178.553681,-306.438199
163518.578784,2664.741391,-8364.327145,1378.971896
163518.579103,3552.988522,-6291.750507,153.219100
163518.579423,2294.638420,-7105.977043,-76.609550
163518.579743,-3775.050304,-7772.162391,-2145.067394
163518.580062,-3552.988522,-9548.656652,-4903.011187
163518.580382,-296.082377,-11769.274478,919.314598
163518.580701,-74.020594,-10658.965565,-76.609550
163518.581021,-3256.906145,-8216.285956,0.000000
163518.581340,-296.082377,-9918.759623,-76.609550
163518.581660,296.082377,-7550.100608,306.438199
163518.581980,3256.906145,-9770.718434,2451.505594
163518.582299,-222.061783,-7476.080014,612.876398
163518.582619,-666.185348,-10658.965565,-76.609550
163518.582938,-2442.679609,-11843.295072,-76.609550
163518.583258,-4737.318029,-9844.739029,0.000000
163518.583577,-3997.112087,-7772.162391,-2298.286494
163518.583897,-1258.350101,-9474.636058,-1302.362347
163518.584216,-740.205942,-9474.636058,-536.266849
163518.584536,1258.350101,-8808.450710,919.314598
163518.584856,3256.906145,-8586.388927,919.314598
163518.585175,0.000000,-8364.327145,1991.848295
163518.585495,-2886.803174,-9622.677246,-1991.848295
163518.585814,-2220.617826,-10732.986159,1072.533697
163518.586134,-74.020594,-11251.130318,-689.485948
163518.586453,-1776.494261,-8364.327145,0.000000
163518.586773,-666.185348,-8364.327145,-2374.896044
163518.587092,1702.473667,-8882.471304,1685.410096
163518.587412,3997.112087,-8438.347739,2298.286494
163518.587732,4441.235652,-8364.327145,1608.800546
163518.588051,-370.102971,-8142.265362,-153.219100
163518.588371,-3552.988522,-9548.656652,-2145.067394
163518.588690,-3923.091493,-8956.491898,-2757.943793
163518.589010,0.000000,-12213.398043,612.876398
163518.589329,-74.020594,-9400.615463,689.485948
163518.589649,-74.020594,-10362.883188,-76.609550
163518.589969,3182.885551,-9474.636058,1762.019645
163518.590288,3478.967927,-8956.491898,1608.800546
163518.590608,2220.617826,-7402.059420,766.095498
163518.590927,-2442.679609,-8290.306550,-919.314598
163518.591247,-4145.153275,-9548.656652,-1225.752797
163518.591566,-1702.473667,-11029.068536,-612.876398
163518.591886,814.226536,-11843.295072,536.266849
163518.592205,-1850.514855,-11843.295072,-76.609550
163518.592525,-3034.844362,-8956.491898,-2374.896044
163518.592845,592.164754,-10362.883188,2374.896044
163518.593164,2368.659014,-8660.409521,0.000000
163518.593484,1702.473667,-7402.059420,-536.266849
163518.593803,-1332.370696,-8364.327145,-1532.190996
163518.594123,-1258.350101,-9474.636058,-1455.581446
163518.594442,-74.020594,-10066.800811,-2834.553343
163518.594762,1554.432478,-11251.130318,-76.609550
163518.595082,-2442.679609,-9326.594869,-306.438199
163518.595401,-1184.329507,-10288.862594,-689.485948
163518.595721,518.144159,-9474.636058,-76.609550
163518.596040,4663.297435,-11029.068536,1225.752797
163518.596360,3034.844362,-8586.388927,2681.334243
163518.596679,-74.020594,-9178.553681,-76.609550
163518.596999,-1480.411884,-10658.965565,-76.609550
163518.597318,-2368.659014,-9548.656652,0.000000
163518.597638,-74.020594,-9178.553681,-1302.362347
163518.597957,-2516.700203,-9474.636058,-766.095498
163518.598277,-2664.741391,-9844.739029,-383.047749
163518.598596,-592.164754,-9178.553681,153.219100
163518.598916,2368.659014,-9326.594869,1762.019645
163518.599235,-222.061783,-8216.285956,-383.047749
163518.599555,-4145.153275,-9548.656652,-2451.505594
163518.599874,-4145.153275,-9844.739029,-919.314598
163518.600194,-74.020594,-12435.459826,842.705048
163518.600513,-2368.659014,-6587.832884,0.000000
163518.600833,-74.020594,-8586.388927,-76.609550
163518.601152,0.000000,-8660.409521,383.047749
163518.601472,1850.514855,-8882.471304,1378.971896
163518.601791,2368.659014,-7846.182985,0.000000
163518.602111,-74.020594,-8882.471304,-76.609550
163518.602430,-1258.350101,-9770.718434,-2374.896044
163518.602750,-2812.782580,-8364.327145,-4213.525239
163518.603069,0.000000,-11325.150913,0.000000
163518.603389,-888.247130,-10066.800811,-76.609550
163518.603708,-3552.988522,-10140.821405,612.876398
163518.604028,-370.102971,-8512.368333,-76.609550
163518.604347,2664.741391,-9104.533087,2221.676944
163518.604667,2812.782580,-6957.935855,2145.067394
163518.604986,-666.185348,-5477.523971,-689.485948
163518.605305,-74.020594,-7698.141797,-76.609550
163518.605625,1110.308913,-7698.141797,-842.705048
163518.605944,296.082377,-10140.821405,306.438199
163518.606264,-1258.350101,-10066.800811,-76.609550
163518.606583,-740.205942,-12879.583391,-76.609550
163518.606903,-3552.988522,-9548.656652,-1225.752797
163518.607222,814.226536,-11843.295072,-1302.362347
163518.607542,-592.164754,-9770.718434,-1378.971896
163518.607861,-2146.597232,-9400.615463,-1149.143247
163518.608181,-74.020594,-9474.636058,-1915.238745
163518.608500,2294.638420,-10362.883188,1149.143247
163518.608820,2294.638420,-8882.471304,-76.609550
163518.609139,-74.020594,-7105.977043,-76.609550
163518.609459,518.144159,-8586.388927,-76.609550
163518.609778,1480.411884,-10140.821405,4213.525239
163518.610098,2368.659014,-9548.656652,1532.190996
163518.610417,0.000000,-8068.244768,0.000000
163518.610737,-1776.494261,-10807.006753,-2221.676944
163518.611056,-2960.823768,-9844.739029,-4290.134789
163518.611376,-2516.700203,-11621.233289,-3677.258390
163518.611695,0.000000,-10732.986159,-1225.752797
163518.612015,-1184.329507,-10732.986159,1225.752797
163518.612334,-74.020594,-10955.047942,1762.019645
163518.612654,-74.020594,-7698.141797,-76.609550
163518.612973,3256.906145,-9252.574275,4596.572988
163518.613293,518.144159,-5255.462188,459.657299
163518.613612,444.123565,-8364.327145,536.266849
163518.613932,-148.041188,-8586.388927,536.266849
163518.614251,0.000000,-7476.080014,0.000000
163518.614571,-2220.617826,-8364.327145,-1838.629195
163518.614890,-6513.812290,-9548.656652,-3677.258390
163518.615210,-4441.235652,-11917.315666,-2374.896044
163518.615529,-3182.885551,-11547.212695,-1072.533697
163518.615848,-74.020594,-11547.212695,-76.609550
163518.616168,-2368.659014,-8660.409521,-306.438199
163518.616487,-74.020594,-8438.347739,-1455.581446
163518.616807,740.205942,-7105.977043,459.657299
163518.617126,3034.844362,-8586.388927,2451.505594
163518.617446,1184.329507,-5551.544565,995.924147
163518.617765,3478.967927,-11547.212695,2068.457845
163518.618085,0.000000,-8068.244768,0.000000
163518.618404,962.267725,-11991.336260,1838.629195
163518.618724,2294.638420,-11251.130318,1149.143247
163518.619043,-74.020594,-11251.130318,-76.609550
163518.619363,-2072.576638,-10140.821405,-1762.019645
163518.619682,-1924.535449,-9474.636058,-1762.019645
163518.620002,1480.411884,-10436.903782,383.047749
163518.620321,0.000000,-7179.997637,1225.752797
163518.620641,296.082377,-9548.656652,1225.752797
163518.620960,962.267725,-8734.430116,536.266849
163518.621280,1110.308913,-8882.471304,2374.896044
163518.621599,-2368.659014,-5699.585753,0.000000
163518.621919,-1480.411884,-7105.977043,-1302.362347
163518.622238,-666.185348,-10658.965565,-995.924147
163518.622558,-1998.556043,-10807.006753,-1455.581446
163518.622877,-148.041188,-11103.089130,-2298.286494
163518.623197,-2960.823768,-10732.986159,-1838.629195
163518.623516,-2368.659014,-10732.986159,0.000000
163518.623836,-1184.329507,-9548.656652,0.000000
163518.624155,1184.329507,-8660.409521,2451.505594
163518.624475,2294.638420,-7105.977043,-76.609550
163518.624794,0.000000,-6883.915261,-612.876398
163518.625114,1110.308913,-6513.812290,-1915.238745
163518.625433,740.205942,-9696.697840,459.657299
163518.625753,1110.308913,-8808.450710,-459.657299
163518.626072,-740.205942,-10881.027347,-842.705048
163518.626391,-1998.556043,-11843.295072,-76.609550
163518.626711,-3552.988522,-10140.821405,-1225.752797
163518.627030,-1554.432478,-8660.409521,-1378.971896
163518.627350,-3256.906145,-6587.832884,0.000000
163518.627669,740.205942,-9474.636058,612.876398
163518.627989,-74.020594,-7105.977043,-689.485948
163518.628308,4441.235652,-10510.924376,4213.525239
163518.628628,2072.576638,-7328.038826,842.705048
163518.628947,1036.288319,-9030.512492,1072.533697
163518.629267,-592.164754,-10140.821405,-536.266849
163518.629586,-4441.235652,-9548.656652,0.000000
163518.629906,-2072.576638,-10140.821405,-1225.752797
163518.630225,-3330.926739,-11103.089130,-766.095498
163518.630545,-1258.350101,-13027.624579,-76.609550
163518.630864,-2442.679609,-8882.471304,-2528.115143
163518.631184,0.000000,-9548.656652,2757.943793
163518.631503,0.000000,-5699.585753,0.000000
163518.631823,1998.556043,-8142.265362,612.876398
163518.632142,0.000000,-7772.162391,0.000000
163518.632462,814.226536,-9770.718434,536.266849
163518.632781,2294.638420,-8882.471304,-1302.362347
163518.633101,-2146.597232,-10362.883188,0.000000
163518.633420,-592.164754,-10362.883188,-1838.629195
163518.633740,0.000000,-10066.800811,-536.266849
163518.634059,4663.297435,-11843.295072,3370.820191
163518.634379,1480.411884,-7772.162391,0.000000
163518.634698,0.000000,-9548.656652,0.000000
163518.635018,-74.020594,-9474.636058,1225.752797
163518.635337,2294.638420,-12435.459826,3600.648841
163518.635657,-2072.576638,-5995.668130,0.000000
163518.635976,-666.185348,-8290.306550,-76.609550
163518.636296,-1184.329507,-7994.224174,-995.924147
163518.636615,-740.205942,-8438.347739,-306.438199
163518.636934,1480.411884,-9548.656652,-383.047749
163518.637254,-2072.576638,-9400.615463,-153.219100
163518.637573,-592.164754,-11621.233289,-1608.800546
163518.637893,-3404.947333,-10140.821405,-2145.067394
163518.638212,-2516.700203,-10732.986159,-1608.800546
163518.638532,-2960.823768,-7772.162391,0.000000
163518.638851,-3923.091493,-6587.832884,-2145.067394
163518.639171,-370.102971,-7105.977043,-842.705048
163518.639490,666.185348,-7550.100608,536.266849
163518.639810,1998.556043,-6809.894666,919.314598
163518.640129,-666.185348,-8216.285956,306.438199
163518.640449,962.267725,-10658.965565,-76.609550
163518.640768,-2442.679609,-9918.759623,-1302.362347
163518.641088,-1554.432478,-11547.212695,-689.485948
163518.641407,-2368.659014,-8956.491898,-1838.629195
163518.641727,-2664.741391,-9326.594869,-1225.752797
163518.642046,-5847.626942,-7179.997637,-4903.011187
163518.642366,0.000000,-9918.759623,-459.657299
163518.642685,1776.494261,-8290.306550,536.266849
163518.643005,3108.864956,-8290.306550,2145.067394
163518.643324,3478.967927,-11251.130318,2374.896044
163518.643644,4663.297435,-10658.965565,1225.752797
163518.643963,2072.576638,-10732.986159,3370.820191
163518.644283,-1554.432478,-8290.306550,-383.047749
163518.644602,-3256.906145,-9474.636058,-1302.362347
163518.644922,-4737.318029,-7179.997637,0.000000
163518.645241,222.061783,-9770.718434,-1455.581446
163518.645561,0.000000,-7772.162391,-1532.190996
163518.645880,-1554.432478,-10362.883188,-536.266849
163518.646200,-1850.514855,-8734.430116,-1991.848295
163518.646519,-74.020594,-11621.233289,383.047749
163518.646838,-1184.329507,-9548.656652,-1225.752797
163518.647158,-2960.823768,-9844.739029,459.657299
163518.647477,-74.020594,-11547.212695,-76.609550
163518.647797,1110.308913,-8290.306550,-76.609550
163518.648116,2960.823768,-7179.997637,2451.505594
163518.648436,2960.823768,-7105.977043,536.266849
163518.648755,2368.659014,-10140.821405,-383.047749
163518.649075,444.123565,-10658.965565,-1762.019645
163518.649394,-296.082377,-12509.480420,-1225.752797
163518.649714,-2442.679609,-11177.109724,-2528.115143
163518.650033,-4737.318029,-10066.800811,-2451.505594
163518.650353,-2442.679609,-8734.430116,-2911.162892
163518.650672,0.000000,-7772.162391,1225.752797
163518.650992,7031.956449,-8586.388927,4826.401637
163518.651311,1184.329507,-4811.338623,2451.505594
163518.651631,4219.173869,-8290.306550,1838.629195
163518.651950,888.247130,-8216.285956,1302.362347
163518.652270,1776.494261,-10510.924376,1838.629195
163518.652589,-3034.844362,-9474.636058,-3140.991542
163518.652909,-5995.668130,-12879.583391,-1915.238745
163518.653228,-4811.338623,-10658.965565,-4979.620737
163518.653548,-4737.318029,-9696.697840,-2451.505594
163518.653867,-444.123565,-8364.327145,-2451.505594
163518.654187,-1184.329507,-8956.491898,-153.219100
163518.654506,0.000000,-8364.327145,0.000000
163518.654826,1554.432478,-7994.224174,1378.971896
163518.655145,2960.823768,-10140.821405,2374.896044
163518.655465,-2368.659014,-7994.224174,919.314598
163518.655784,-1850.514855,-10658.965565,-76.609550
163518.656104,-4145.153275,-7179.997637,-1225.752797
163518.656423,-74.020594,-10362.883188,-383.047749
163518.656743,-222.061783,-9474.636058,-689.485948
163518.657062,-2368.659014,-9548.656652,-1838.629195
163518.657381,1480.411884,-11917.315666,1685.410096
163518.657701,-666.185348,-11177.109724,76.609550
163518.658020,1110.308913,-11695.253884,612.876398
163518.658340,-4071.132681,-8512.368333,-306.438199
163518.658659,-4071.132681,-8364.327145,0.000000
163518.658979,-1702.473667,-5995.668130,-1378.971896
163518.659298,2960.823768,-8586.388927,2757.943793
163518.659618,4663.297435,-7476.080014,4290.134789
163518.659937,2294.638420,-7994.224174,0.000000
163518.660257,2294.638420,-11251.130318,-76.609550
163518.660576,-1184.329507,-12509.480420,612.876398
163518.660896,-2442.679609,-12213.398043,-1991.848295
163518.661215,-6439.791695,-11547.212695,-2298.286494
163518.661535,-4219.173869,-12065.356855,-2298.286494
163518.661854,-5255.462188,-6291.750507,-4136.915689
163518.662174,1776.494261,-8438.347739,995.924147
163518.662493,0.000000,-2590.720797,-2451.505594
163518.662813,2368.659014,-8068.244768,766.095498
163518.663132,2886.803174,-8438.347739,612.876398
163518.663452,2368.659014,-10732.986159,3064.381992
163518.663771,296.082377,-9548.656652,-612.876398
163518.664091,-4441.235652,-11399.171507,-1685.410096
163518.664410,-3627.009116,-11621.233289,-2528.115143
163518.664730,-1184.329507,-9548.656652,-2451.505594
163518.665049,4959.379811,-11547.212695,0.000000
163518.665369,1776.494261,-7179.997637,1225.752797
163518.665688,4293.194464,-10140.821405,1302.362347
163518.666008,4071.132681,-9474.636058,2374.896044
163518.666327,2664.741391,-10732.986159,2451.505594
163518.666647,-1850.514855,-6587.832884,-1915.238745
163518.666966,-4219.173869,-11399.171507,-919.314598
163518.667286,-4219.173869,-10288.862594,-1378.971896
163518.667605,-592.164754,-10066.800811,76.609550
163518.667924,4663.297435,-9474.636058,2374.896044
163518.668244,-666.185348,-7328.038826,-612.876398
163518.668563,222.061783,-8438.347739,-1915.238745
163518.668883,-3552.988522,-6291.750507,-2451.505594
163518.669202,1776.494261,-12213.398043,1762.019645
163518.669522,-2442.679609,-7994.224174,-1915.238745
163518.669841,-4663.297435,-12583.501014,-842.705048
163518.670161,-5107.421000,-7476.080014,-2145.067394
163518.670480,-370.102971,-8438.347739,-153.219100
163518.670800,1628.453072,-6957.935855,-153.219100
163518.671119,1184.329507,-8364.327145,1838.629195
163518.671439,3478.967927,-8734.430116,383.047749
163518.671758,2368.659014,-10510.924376,1302.362347
163518.672078,1702.473667,-11029.068536,306.438199
163518.672397,-4737.318029,-7994.224174,-1608.800546
163518.672717,-3627.009116,-10732.986159,-1838.629195
163518.673036,-3923.091493,-8290.306550,-1608.800546
163518.673356,74.020594,-8956.491898,1302.362347
163518.673675,296.082377,-3627.009116,612.876398
163518.673995,4663.297435,-8290.306550,3600.648841
163518.674314,296.082377,-6587.832884,612.876398
163518.674634,518.144159,-9770.718434,306.438199
163518.674953,-740.205942,-10658.965565,-306.438199
163518.675273,-5477.523971,-10732.986159,-1302.362347
163518.675592,-5403.503377,-12509.480420,-2451.505594
163518.675912,-4663.297435,-10436.903782,-2068.457845
163518.676231,1406.391290,-10955.047942,2374.896044
163518.676551,2294.638420,-6809.894666,-689.485948
163518.676870,962.267725,-8142.265362,-1608.800546
163518.677190,1480.411884,-9474.636058,-76.609550
163518.677509,1480.411884,-10436.903782,153.219100
163518.677829,1480.411884,-9696.697840,0.000000
163518.678148,-2590.720797,-10584.944971,0.000000
163518.678467,-2664.741391,-10732.986159,-2145.067394
163518.678787,-3552.988522,-7772.162391,0.000000
163518.679106,2812.782580,-7994.224174,0.000000
163518.679426,2812.782580,-8882.471304,1455.581446
163518.679745,2738.761985,-9474.636058,-689.485948
163518.680065,74.020594,-8290.306550,-1302.362347
163518.680384,3552.988522,-13619.789333,1915.238745
163518.680704,-444.123565,-8956.491898,-2221.676944
163518.681023,-3775.050304,-11769.274478,-1072.533697
163518.681343,-3775.050304,-10584.944971,-1072.533697
163518.681662,-3256.906145,-7179.997637,0.000000
163518.681982,1258.350101,-8290.306550,2987.772442
163518.682301,518.144159,-3627.009116,919.314598
163518.682621,2960.823768,-7031.956449,1685.410096
163518.682940,2960.823768,-7476.080014,3677.258390
163518.683260,4663.297435,-11251.130318,-76.609550
163518.683579,-3404.947333,-10140.821405,-1225.752797
163518.683899,-6587.832884,-13175.665768,-2987.772442
163518.684218,-7179.997637,-10881.027347,-3753.867940
163518.684538,-3108.864956,-12213.398043,-919.314598
163518.684857,1036.288319,-7772.162391,-459.657299
163518.685177,814.226536,-7698.141797,-76.609550
163518.685496,2294.638420,-7994.224174,1608.800546
163518.685816,3478.967927,-8290.306550,-76.609550
163518.686135,2442.679609,-8956.491898,612.876398
163518.686455,-74.020594,-10658.965565,-76.609550
163518.686774,-3849.070898,-11769.274478,-1072.533697
163518.687094,-4367.215058,-10807.006753,-1991.848295
163518.687413,-1110.308913,-11547.212695,459.657299
163518.687733,592.164754,-7772.162391,1378.971896
163518.688052,1776.494261,-7179.997637,1838.629195
163518.688372,3627.009116,-7328.038826,0.000000
163518.688691,2368.659014,-9548.656652,1838.629195
163518.689010,2590.720797,-9918.759623,612.876398
163518.689330,-4811.338623,-7698.141797,-2528.115143
163518.689649,-3034.844362,-14211.954086,-1608.800546
163518.689969,-5181.441594,-10510.924376,-1532.190996
163518.690288,0.000000,-9992.780217,1378.971896
163518.690608,74.020594,-5921.647536,1072.533697
163518.690927,1184.329507,-6587.832884,2451.505594
163518.691247,888.247130,-6069.688724,-76.609550
163518.691566,1480.411884,-7772.162391,0.000000
163518.691886,0.000000,-7772.162391,-1838.629195
163518.692205,-2442.679609,-14137.933492,-76.609550
163518.692525,-3034.844362,-12139.377449,-3753.867940
163518.692844,-4367.215058,-11695.253884,-536.266849
163518.693164,0.000000,-9548.656652,306.438199
163518.693483,-370.102971,-5329.482782,-612.876398
163518.693803,2664.741391,-8364.327145,842.705048
163518.694122,592.164754,-5551.544565,0.000000
163518.694442,4663.297435,-8882.471304,1149.143247
163518.694761,0.000000,-8142.265362,-1302.362347
163518.695081,-4737.318029,-9548.656652,-2451.505594
163518.695400,-2960.823768,-11769.274478,-3677.258390
163518.695720,-1258.350101,-11547.212695,-689.485948
163518.696039,74.020594,-9252.574275,612.876398
163518.696359,592.164754,-6587.832884,229.828649
163518.696678,4071.132681,-8068.244768,1149.143247
163518.696998,4441.235652,-8068.244768,3600.648841
163518.697317,4737.318029,-9770.718434,3217.601092
163518.697637,-74.020594,-7994.224174,-76.609550
163518.697956,-1258.350101,-13027.624579,-1302.362347
163518.698276,-5921.647536,-10140.821405,-2451.505594
163518.698595,-2960.823768,-10732.986159,-2451.505594
163518.698915,1998.556043,-8882.471304,-76.609550
163518.699234,148.041188,-7179.997637,0.000000
163518.699554,1036.288319,-7920.203579,-1149.143247
163518.699873,-592.164754,-8512.368333,-1378.971896
163518.700193,2368.659014,-12435.459826,1915.238745
163518.700512,-2590.720797,-8364.327145,-4290.134789
163518.700832,-2960.823768,-11917.315666,0.000000
163518.701151,-3627.009116,-10066.800811,-1915.238745
163518.701471,-1184.329507,-10066.800811,-76.609550
163518.701791,2294.638420,-8290.306550,-76.609550
163518.702110,0.000000,-8142.265362,612.876398
163518.702430,4663.297435,-9474.636058,-76.609550
163518.702749,2442.679609,-10362.883188,306.438199
163518.703069,4145.153275,-10732.986159,2757.943793
163518.703388,-1850.514855,-9918.759623,-229.828649
163518.703708,-1258.350101,-13027.624579,-689.485948
163518.704028,-3849.070898,-9104.533087,-1455.581446
163518.704347,0.000000,-8660.409521,1225.752797
163518.704667,-222.061783,-5921.647536,2987.772442
163518.704986,0.000000,-7772.162391,3370.820191
163518.705306,2812.782580,-5403.503377,383.047749
163518.705625,2072.576638,-7920.203579,1455.581446
163518.705945,74.020594,-8290.306550,-612.876398
163518.706265,-5625.565159,-8956.491898,-4290.134789
163518.706584,-4959.379811,-13915.871710,-2681.334243
163518.706904,-7179.997637,-11769.274478,-3217.601092
163518.707223,-3775.050304,-12953.603985,-1455.581446
163518.707543,-2220.617826,-7994.224174,-842.705048
163518.707862,4367.215058,-10658.965565,1762.019645
163518.708182,2368.659014,-6587.832884,1532.190996
163518.708502,4663.297435,-8586.388927,2068.457845
163518.708821,2072.576638,-7328.038826,153.219100
163518.709141,592.164754,-9770.718434,612.876398
163518.709460,-2516.700203,-8216.285956,-4903.011187
163518.709780,-3108.864956,-12435.459826,459.657299
163518.710099,-1110.308913,-11103.089130,-689.485948
163518.710419,-1036.288319,-9548.656652,-1072.533697
163518.710739,2294.638420,-10658.965565,-76.609550
163518.711058,-74.020594,-7698.141797,-1455.581446
163518.711378,3108.864956,-11251.130318,1149.143247
163518.711697,1406.391290,-7105.977043,-459.657299
163518.712017,1554.432478,-11843.295072,1532.190996
163518.712336,-3552.988522,-7179.997637,0.000000
163518.712656,-666.185348,-10362.883188,612.876398
163518.712976,814.226536,-8660.409521,842.705048
163518.713295,-1110.308913,-7846.182985,0.000000
163518.713615,1406.391290,-8290.306550,0.000000
163518.713934,2294.638420,-8882.471304,1149.143247
163518.714254,3775.050304,-11547.212695,1762.019645
163518.714574,-2072.576638,-5995.668130,-2911.162892
163518.714893,-4145.153275,-10732.986159,0.000000
163518.715213,-3627.009116,-10362.883188,-2834.553343
163518.715532,-4737.318029,-10140.821405,0.000000
163518.715852,-1258.350101,-8734.430116,-383.047749
163518.716171,-518.144159,-7772.162391,766.095498
163518.716491,1628.453072,-7402.059420,229.828649
163518.716811,1776.494261,-7476.080014,842.705048
163518.717130,4367.215058,-8290.306550,-76.609550
163518.717450,-1258.350101,-7105.977043,-1302.362347
163518.717769,-3330.926739,-10732.986159,-3677.258390
163518.718089,-4737.318029,-11917.315666,-3064.381992
163518.718408,-74.020594,-15692.365970,995.924147
163518.718728,-4441.235652,-7179.997637,0.000000
163518.719048,1036.288319,-9844.739029,536.266849
163518.719367,2220.617826,-6809.894666,842.705048
163518.719687,4885.359217,-8438.347739,3753.867940
163518.720006,7031.956449,-6513.812290,3600.648841
163518.720326,-148.041188,-7179.997637,919.314598
163518.720645,-2368.659014,-11177.109724,-919.314598
163518.720965,-4811.338623,-11177.109724,-1608.800546
163518.721285,-666.185348,-12435.459826,-1302.362347
163518.721604,-3552.988522,-9548.656652,306.438199
163518.721924,-2812.782580,-10732.986159,-1685.410096
163518.722243,-1628.453072,-8142.265362,-1915.238745
163518.722563,1628.453072,-9622.677246,612.876398
163518.722882,296.082377,-6957.935855,-1532.190996
163518.723202,-666.185348,-9030.512492,-2298.286494
163518.723522,-2368.659014,-8956.491898,-1072.533697
163518.723841,-518.144159,-10510.924376,1225.752797
163518.724161,3478.967927,-11843.295072,1762.019645
163518.724480,-3108.864956,-7772.162391,383.047749
163518.724800,-2072.576638,-9548.656652,1225.752797
163518.725119,-1258.350101,-7328.038826,-1149.143247
163518.725439,2072.576638,-10140.821405,76.609550
163518.725759,-740.205942,-7698.141797,-1608.800546
163518.726078,-3552.988522,-9548.656652,-2451.505594
163518.726398,-2442.679609,-8068.244768,-3600.648841
163518.726717,-592.164754,-12435.459826,-76.609550
163518.727037,0.000000,-7772.162391,0.000000
163518.727356,-888.247130,-8068.244768,0.000000
163518.727676,3478.967927,-11251.130318,3294.210641
163518.727996,592.164754,-7476.080014,1225.752797
163518.728315,3775.050304,-10584.944971,2911.162892
163518.728635,666.185348,-6365.771101,689.485948
163518.728954,592.164754,-10066.800811,612.876398
163518.729274,-1850.514855,-8142.265362,-2528.115143
163518.729593,1998.556043,-14063.912898,2374.896044
163518.729913,-74.020594,-9474.636058,-842.705048
163518.730233,-3182.885551,-8956.491898,-1762.019645
163518.730552,-3552.988522,-7772.162391,-3064.381992
163518.730872,1702.473667,-11843.295072,-76.609550
163518.731191,2664.741391,-8586.388927,0.000000
163518.731511,-666.185348,-6883.915261,-1302.362347
163518.731830,-1184.329507,-10510.924376,-1685.410096
163518.732150,-4219.173869,-8882.471304,-3064.381992
163518.732470,-74.020594,-12435.459826,-1225.752797
163518.732789,-2072.576638,-8956.491898,-459.657299
163518.733109,-1036.288319,-11251.130318,766.095498
163518.733428,2294.638420,-9474.636058,-76.609550
163518.733748,4663.297435,-8290.306550,2987.772442
163518.734067,7031.956449,-8290.306550,3907.087040
163518.734387,-666.185348,-6217.729913,0.000000
163518.734707,-740.205942,-10066.800811,-2068.457845
163518.735026,-2072.576638,-9548.656652,-1532.190996
163518.735346,0.000000,-10732.986159,0.000000
163518.735665,-2368.659014,-8068.244768,0.000000
163518.735985,-1702.473667,-11325.150913,0.000000
163518.736304,-1776.494261,-9252.574275,612.876398
163518.736624,4071.132681,-10658.965565,1762.019645
163518.736944,3478.967927,-8290.306550,-76.609550
163518.737263,-148.041188,-9252.574275,1608.800546
163518.737583,-1628.453072,-8512.368333,-1149.143247
163518.737902,-1332.370696,-8586.388927,0.000000
163518.738222,222.061783,-9696.697840,153.219100
163518.738541,-5921.647536,-6587.832884,-3064.381992
163518.738861,-3923.091493,-9474.636058,-2528.115143
163518.739181,-5181.441594,-7772.162391,-2987.772442
163518.739500,888.247130,-10881.027347,612.876398
163518.739820,-666.185348,-8364.327145,-459.657299
163518.740139,-2368.659014,-11769.274478,306.438199
163518.740459,-2886.803174,-9622.677246,-3294.210641
163518.740778,-888.247130,-11177.109724,-383.047749
163518.741098,888.247130,-10288.862594,0.000000
163518.741418,-2368.659014,-8364.327145,0.000000
163518.741737,2368.659014,-8734.430116,1532.190996
163518.742057,2368.659014,-7105.977043,2604.724693
163518.742376,5699.585753,-7846.182985,3600.648841
163518.742696,2886.803174,-6809.894666,-76.609550
163518.743016,0.000000,-8364.327145,0.000000
163518.743335,-2146.597232,-7179.997637,-3677.258390
163518.743655,-1480.411884,-13249.686362,-1532.190996
163518.743974,-1924.535449,-11473.192101,-1915.238745
163518.744294,-3923.091493,-10955.047942,-1915.238745
163518.744613,-74.020594,-11843.295072,-76.609550
163518.744933,-1184.329507,-8660.409521,766.095498
163518.745253,2960.823768,-8586.388927,2451.505594
163518.745572,0.000000,-4441.235652,612.876398
163518.745892,296.082377,-7402.059420,1762.019645
163518.746211,-2368.659014,-6587.832884,-1838.629195
163518.746531,0.000000,-9548.656652,0.000000
163518.746850,1702.473667,-11251.130318,-76.609550
163518.747170,-1628.453072,-11843.295072,-689.485948
163518.747490,-2368.659014,-10140.821405,-3983.696590
163518.747809,-74.020594,-13027.624579,-383.047749
163518.748129,1628.453072,-9548.656652,-919.314598
163518.748448,-1110.308913,-7994.224174,-919.314598
163518.748768,592.164754,-9104.533087,-153.219100
163518.749087,0.000000,-7179.997637,-1225.752797
163518.749407,3256.906145,-10436.903782,2221.676944
163518.749727,3478.967927,-7402.059420,1455.581446
163518.750046,814.226536,-8882.471304,1149.143247
163518.750366,-2368.659014,-7179.997637,0.000000
163518.750685,1110.308913,-10658.965565,-76.609550
163518.751005,1998.556043,-10066.800811,-76.609550
163518.751324,-2516.700203,-9696.697840,-1455.581446
163518.751644,-2442.679609,-10362.883188,-2145.067394
163518.751964,-3404.947333,-10288.862594,-2374.896044
163518.752283,1332.370696,-12065.356855,1455.581446
163518.752603,-74.020594,-8142.265362,-766.095498
163518.752922,74.020594,-10658.965565,-76.609550
163518.753242,-1998.556043,-6291.750507,0.000000
163518.753561,1184.329507,-9548.656652,2451.505594
163518.753881,1702.473667,-6217.729913,-2834.553343
163518.754201,-1110.308913,-8068.244768,-383.047749
163518.754520,-2368.659014,-8438.347739,-1991.848295
163518.754840,-1554.432478,-9844.739029,-1685.410096
163518.755159,-74.020594,-13027.624579,-229.828649
163518.755479,-2368.659014,-13027.624579,-76.609550
163518.755798,-2368.659014,-11917.315666,-1225.752797
163518.756118,-1554.432478,-10955.047942,-76.609550
163518.756438,1702.473667,-10214.842000,2604.724693
163518.756757,0.000000,-4811.338623,0.000000
163518.757077,2294.638420,-7698.141797,1149.143247
163518.757396,1406.391290,-6143.709319,-689.485948
163518.757716,1258.350101,-9992.780217,1225.752797
163518.758035,1406.391290,-8956.491898,383.047749
163518.758355,592.164754,-10807.006753,612.876398
163518.758675,-370.102971,-10732.986159,-995.924147
163518.758994,-3552.988522,-8956.491898,-1838.629195
163518.759314,-740.205942,-11473.192101,0.000000
163518.759633,-1480.411884,-9178.553681,-76.609550
163518.759953,-2812.782580,-7179.997637,-3677.258390
163518.760272,-518.144159,-7698.141797,-689.485948
163518.760592,2294.638420,-9548.656652,2145.067394
163518.760912,2220.617826,-6291.750507,1378.971896
163518.761231,666.185348,-8956.491898,995.924147
163518.761551,0.000000,-9178.553681,-76.609550
163518.761870,-1850.514855,-10214.842000,-536.266849
163518.762190,0.000000,-10362.883188,-689.485948
163518.762509,-3552.988522,-8956.491898,-2145.067394
163518.762829,-666.185348,-11177.109724,-1838.629195
163518.763149,-4515.256246,-6143.709319,-4903.011187
163518.763468,1184.329507,-11325.150913,-1302.362347
163518.763788,-370.102971,-9178.553681,-1225.752797
163518.764107,-296.082377,-10732.986159,-995.924147
163518.764427,-74.020594,-11547.212695,-76.609550
163518.764746,2886.803174,-11843.295072,2987.772442
163518.765066,2886.803174,-9474.636058,3600.648841
163518.765386,-370.102971,-7105.977043,-76.609550
163518.765705,-1480.411884,-6587.832884,-612.876398
163518.766025,0.000000,-7772.162391,0.000000
163518.766344,2368.659014,-9548.656652,-383.047749
163518.766664,-148.041188,-9844.739029,-1149.143247
163518.766983,-518.144159,-12213.398043,76.609550
163518.767303,-1554.432478,-10807.006753,-1378.971896
163518.767623,2294.638420,-13619.789333,2987.772442
163518.767942,0.000000,-7772.162391,306.438199
163518.768262,1036.288319,-9104.533087,3753.867940
163518.768581,2294.638420,-5921.647536,2374.896044
163518.768901,2294.638420,-7105.977043,-76.609550
163518.769220,0.000000,-5995.668130,0.000000
163518.769540,-2590.720797,-7698.141797,-1225.752797
163518.769860,-2146.597232,-10881.027347,-1532.190996
163518.770179,-2664.741391,-9696.697840,-1991.848295
163518.770499,-1554.432478,-11103.089130,-1762.019645
163518.770818,-3404.947333,-9992.780217,-2068.457845
163518.771138,-4145.153275,-10140.821405,-2451.505594
163518.771457,-2368.659014,-8660.409521,-4903.011187
163518.771777,592.164754,-11843.295072,1072.533697
163518.772097,3478.967927,-10658.965565,1762.019645
163518.772416,0.000000,-9548.656652,1532.190996
163518.772736,3775.050304,-8734.430116,1532.190996
163518.773055,1184.329507,-7994.224174,1838.629195
163518.773375,1332.370696,-9178.553681,1991.848295
163518.773695,-666.185348,-7846.182985,-2221.676944
163518.774014,-74.020594,-10214.842000,-76.609550
163518.774334,-666.185348,-9474.636058,-76.609550
163518.774653,1702.473667,-11769.274478,842.705048
163518.774973,592.164754,-7179.997637,-1838.629195
163518.775292,0.000000,-11621.233289,2298.286494
163518.775612,-2368.659014,-8660.409521,-1762.019645
163518.775932,-3108.864956,-10436.903782,-1455.581446
163518.776251,-1480.411884,-10510.924376,0.000000
163518.776571,-3108.864956,-7624.121203,-1915.238745
163518.776890,-74.020594,-8882.471304,-689.485948
163518.777210,-74.020594,-8290.306550,-76.609550
163518.777529,1998.556043,-8882.471304,0.000000
163518.777849,1184.329507,-6587.832884,0.000000
163518.778169,0.000000,-9548.656652,1225.752797
163518.778488,0.000000,-7179.997637,-2451.505594
163518.778808,962.267725,-12731.542202,1149.143247
163518.779127,-518.144159,-10436.903782,-306.438199
163518.779447,-4367.215058,-8882.471304,-1685.410096
163518.779766,-1258.350101,-9474.636058,-2528.115143
163518.780086,-2442.679609,-8586.388927,-1915.238745
163518.780406,2368.659014,-8956.491898,0.000000
163518.780725,74.020594,-6883.915261,0.000000
163518.781045,3775.050304,-11843.295072,3294.210641
163518.781364,0.000000,-5403.503377,-3677.258390
163518.781684,2294.638420,-11399.171507,2374.896044
163518.782003,-666.185348,-9474.636058,536.266849
163518.782323,-3034.844362,-9918.759623,919.314598
163518.782643,-2442.679609,-8068.244768,-842.705048
163518.782962,-74.020594,-9474.636058,1762.019645
163518.783282,296.082377,-9104.533087,0.000000
163518.783601,-814.226536,-8068.244768,383.047749
163518.783921,962.267725,-9252.574275,0.000000
163518.784240,-148.041188,-8734.430116,612.876398
163518.784560,0.000000,-10732.986159,1225.752797
163518.784880,-4589.276840,-5995.668130,-3524.039291
163518.785199,-3256.906145,-9844.739029,0.000000
163518.785519,-2442.679609,-6957.935855,-3140.991542
163518.785838,-1480.411884,-8956.491898,-995.924147
163518.786158,1776.494261,-10732.986159,2145.067394
163518.786477,74.020594,-8808.450710,-536.266849
163518.786797,370.102971,-9992.780217,-306.438199
163518.787117,-1110.308913,-9770.718434,-536.266849
163518.787436,0.000000,-9548.656652,0.000000
163518.787756,-2442.679609,-8290.306550,-689.485948
163518.788075,-666.185348,-9770.718434,-995.924147
163518.788395,-1776.494261,-7179.997637,-1225.752797
163518.788714,4663.297435,-12139.377449,3600.648841
163518.789034,5255.462188,-9474.636058,3294.210641
163518.789354,1184.329507,-8660.409521,1532.190996
163518.789673,1554.432478,-9474.636058,-612.876398
163518.789993,0.000000,-10807.006753,-919.314598
163518.790312,-518.144159,-12361.439231,153.219100
163518.790632,-4515.256246,-8882.471304,-2451.505594
163518.790951,-4737.318029,-10288.862594,-2911.162892
163518.791271,-2812.782580,-8882.471304,-2068.457845
163518.791591,4071.132681,-10658.965565,1762.019645
163518.791910,1480.411884,-5403.503377,1225.752797
163518.792230,4663.297435,-9474.636058,2374.896044
163518.792549,444.123565,-7179.997637,0.000000
163518.792869,0.000000,-10362.883188,612.876398
163518.793188,74.020594,-10881.027347,-459.657299
163518.793508,-4145.153275,-10214.842000,-1838.629195
163518.793828,-5921.647536,-9548.656652,-3677.258390
163518.794147,-3108.864956,-9548.656652,-4903.011187
163518.794467,1924.535449,-11177.109724,766.095498
163518.794786,1702.473667,-7105.977043,-76.609550
163518.795106,1406.391290,-8290.306550,-689.485948
163518.795425,1776.494261,-9326.594869,-76.609550
163518.795745,1332.370696,-11325.150913,1915.238745
163518.796065,0.000000,-8956.491898,1762.019645
163518.796384,-3923.091493,-9400.615463,-459.657299
163518.796704,-5921.647536,-7179.997637,-2451.505594
163518.797023,-2738.761985,-8290.306550,-76.609550
163518.797343,1184.329507,-7476.080014,0.000000
163518.797662,3256.906145,-7698.141797,1149.143247
163518.797982,3478.967927,-12583.501014,2374.896044
163518.798302,-74.020594,-9474.636058,-1302.362347
163518.798621,1184.329507,-14063.912898,1838.629195
163518.798941,-1850.514855,-9622.677246,0.000000
163518.799260,-2368.659014,-10288.862594,76.609550
163518.799580,-1184.329507,-7994.224174,0.000000
163518.799900,592.164754,-7179.997637,1302.362347
163518.800219,2886.803174,-7402.059420,2298.286494
163518.800539,-1554.432478,-5403.503377,-1302.362347
163518.800858,0.000000,-7179.997637,-2451.505594
163518.801178,-1480.411884,-9400.615463,-1225.752797
163518.801497,-74.020594,-13027.624579,-76.609550
163518.801817,-5921.647536,-9400.615463,-2757.943793
163518.802137,-5329.482782,-11251.130318,-2757.943793
163518.802456,-4367.215058,-8956.491898,-3677.258390
163518.802776,-148.041188,-10732.986159,612.876398
163518.803095,0.000000,-4811.338623,-2451.505594
163518.803415,2738.761985,-6883.915261,536.266849
163518.803734,4737.318029,-7920.203579,1838.629195
163518.804054,4145.153275,-8956.491898,3677.258390
163518.804374,5847.626942,-9474.636058,-76.609550
163518.804693,-666.185348,-9474.636058,-76.609550
163518.805013,-3108.864956,-11621.233289,-1685.410096
163518.805332,-2886.803174,-9030.512492,-2145.067394
163518.805652,1554.432478,-11473.192101,842.705048
163518.805972,592.164754,-5995.668130,0.000000
163518.806291,0.000000,-7550.100608,-689.485948
163518.806611,-1184.329507,-6587.832884,-2451.505594
163518.806930,-1480.411884,-9696.697840,-612.876398
163518.807250,-370.102971,-10140.821405,766.095498
163518.807569,-4811.338623,-8882.471304,-3753.867940
163518.807889,-5255.462188,-11325.150913,-1608.800546
163518.808209,-3701.029710,-8512.368333,-2374.896044
163518.808528,1554.432478,-9474.636058,1455.581446
163518.808848,814.226536,-5847.626942,-76.609550
163518.809167,0.000000,-8956.491898,0.000000
163518.809487,1702.473667,-8290.306550,-1302.362347
163518.809806,1776.494261,-10436.903782,1762.019645
163518.810126,0.000000,-8364.327145,0.000000
163518.810446,-3849.070898,-10732.986159,0.000000
163518.810765,-2442.679609,-9474.636058,-3140.991542
163518.811085,-2072.576638,-8586.388927,-1072.533697
163518.811404,1776.494261,-8956.491898,-536.266849
163518.811724,222.061783,-6587.832884,0.000000
163518.812044,4219.173869,-10140.821405,3064.381992
163518.812363,2664.741391,-7179.997637,1378.971896
163518.812683,3330.926739,-11695.253884,2987.772442
163518.813002,-1258.350101,-8882.471304,-1608.800546
163518.813322,-5921.647536,-10732.986159,0.000000
163518.813641,-4663.297435,-8364.327145,-3370.820191
163518.813961,-74.020594,-9474.636058,-76.609550
163518.814281,1258.350101,-8290.306550,1225.752797
163518.814600,1036.288319,-6365.771101,1225.752797
163518.814920,3552.988522,-8142.265362,1225.752797
163518.815239,2516.700203,-9400.615463,1991.848295
163518.815559,2442.679609,-11917.315666,0.000000
163518.815878,-2072.576638,-11251.130318,-153.219100
163518.816198,-5477.523971,-11917.315666,-2987.772442
163518.816518,-6513.812290,-9770.718434,-4060.306139
163518.816837,-74.020594,-12435.459826,-76.609550
163518.817157,592.164754,-7328.038826,0.000000
163518.817476,1628.453072,-6439.791695,459.657299
163518.817796,2738.761985,-8364.327145,0.000000
163518.818116,888.247130,-8364.327145,2451.505594
163518.818435,1998.556043,-10658.965565,1378.971896
163518.818755,-666.185348,-9474.636058,-76.609550
163518.819074,-3552.988522,-10436.903782,-1455.581446
163518.819394,-5921.647536,-6587.832884,-2451.505594
163518.819713,1776.494261,-12213.398043,2987.772442
163518.820033,888.247130,-7179.997637,612.876398
163518.820353,1628.453072,-9104.533087,229.828649
163518.820672,1554.432478,-7920.203579,-306.438199
163518.820992,1702.473667,-9844.739029,306.438199
163518.821311,222.061783,-8364.327145,0.000000
163518.821631,-2590.720797,-9474.636058,-536.266849
163518.821950,-3034.844362,-10584.944971,-1302.362347
163518.822270,-3478.967927,-8734.430116,-1149.143247
163518.822590,222.061783,-9474.636058,1608.800546
163518.822909,1110.308913,-8290.306550,-76.609550
163518.823229,3182.885551,-9474.636058,2374.896044
163518.823548,1998.556043,-7846.182985,-995.924147
163518.823868,1332.370696,-9844.739029,612.876398
163518.824188,-740.205942,-11251.130318,0.000000
163518.824507,-6143.709319,-9844.739029,-4673.182538
163518.824827,-4737.318029,-11843.295072,-3217.601092
163518.825146,-3997.112087,-10732.986159,-2451.505594
163518.825466,592.164754,-10288.862594,76.609550
163518.825785,3330.926739,-7105.977043,1762.019645
163518.826105,3478.967927,-7402.059420,1991.848295
163518.826425,2368.659014,-5403.503377,153.219100
163518.826744,3478.967927,-10658.965565,1991.848295
163518.827064,-74.020594,-11251.130318,-76.609550
163518.827383,-5921.647536,-9548.656652,0.000000
163518.827703,-5403.503377,-9770.718434,-3907.087040
163518.828023,-4885.359217,-11473.192101,-2298.286494
163518.828342,-888.247130,-10214.842000,-612.876398
163518.828662,1036.288319,-7031.956449,229.828649
163518.828981,5551.544565,-8734.430116,2374.896044
163518.829301,4071.132681,-6809.894666,2068.457845
163518.829620,3923.091493,-7772.162391,612.876398
163518.829940,0.000000,-7179.997637,0.000000
163518.830260,-296.082377,-11843.295072,842.705048
163518.830579,-4737.318029,-8364.327145,-2451.505594
163518.830899,-2072.576638,-11843.295072,76.609550
163518.831218,-1332.370696,-8882.471304,0.000000
163518.831538,-1628.453072,-7476.080014,-459.657299
163518.831857,740.205942,-7846.182985,-689.485948
163518.832177,-74.020594,-7698.141797,-689.485948
163518.832497,370.102971,-11843.295072,-76.609550
163518.832816,-3034.844362,-7846.182985,-2145.067394
163518.833136,-5329.482782,-10732.986159,-3064.381992
163518.833455,-4589.276840,-11621.233289,-842.705048
163518.833775,-4737.318029,-9548.656652,-1838.629195
163518.834095,-1184.329507,-8216.285956,536.266849
163518.834414,2072.576638,-8216.285956,1149.143247
163518.834734,4589.276840,-7772.162391,612.876398
163518.835053,5847.626942,-9474.636058,3294.210641
163518.835373,4145.153275,-8660.409521,2911.162892
163518.835692,-74.020594,-10510.924376,-76.609550
163518.836012,-3256.906145,-10955.047942,-1915.238745
163518.836332,-3627.009116,-9474.636058,-3140.991542
163518.836651,-1776.494261,-11917.315666,2451.505594
163518.836971,-1184.329507,-5699.585753,-766.095498
163518.837290,2220.617826,-8956.491898,2068.457845
163518.837610,2072.576638,-5625.565159,383.047749
163518.837929,2220.617826,-8438.347739,1072.533697
163518.838249,-74.020594,-8290.306550,-1762.019645
163518.838569,-4737.318029,-10140.821405,-1532.190996
163518.838888,-3923.091493,-12879.583391,-1225.752797
163518.839208,-4811.338623,-10066.800811,-3447.429741
163518.839527,-2960.823768,-10732.986159,0.000000
163518.839847,-2368.659014,-7179.997637,919.314598
163518.840167,1998.556043,-7476.080014,-153.219100
163518.840486,2442.679609,-7328.038826,-229.828649
163518.840806,3478.967927,-9770.718434,1532.190996
163518.841125,0.000000,-7179.997637,-1225.752797
163518.841445,-2294.638420,-8956.491898,-1378.971896
163518.841764,-2368.659014,-10658.965565,-1915.238745
163518.842084,-3552.988522,-9548.656652,-2451.505594
163518.842404,962.267725,-10510.924376,-76.609550
163518.842723,1702.473667,-9474.636058,2068.457845
163518.843043,2368.659014,-8068.244768,306.438199
163518.843362,3478.967927,-6513.812290,-383.047749
163518.843682,4441.235652,-10658.965565,2451.505594
163518.844001,1184.329507,-7698.141797,-459.657299
163518.844321,-1850.514855,-9548.656652,-1915.238745
163518.844641,-1258.350101,-11843.295072,-689.485948
163518.844960,-2442.679609,-11843.295072,-1302.362347
163518.845280,-1480.411884,-9030.512492,612.876398
163518.845599,0.000000,-5403.503377,0.000000
163518.845919,5255.462188,-10658.965565,4213.525239
163518.846239,2368.659014,-5255.462188,1225.752797
163518.846558,4071.132681,-9030.512492,2451.505594
163518.846878,-814.226536,-6883.915261,-459.657299
163518.847197,-2590.720797,-11843.295072,-1838.629195
163518.847517,-5403.503377,-11547.212695,-4903.011187
163518.847836,-5329.482782,-13323.706956,-1532.190996
163518.848156,-3330.926739,-9474.636058,-1685.410096
163518.848476,-74.020594,-9474.636058,-383.047749
163518.848795,0.000000,-7698.141797,-2374.896044
163518.849115,3182.885551,-10955.047942,3600.648841
163518.849434,2442.679609,-7624.121203,766.095498
163518.849754,-2294.638420,-7550.100608,153.219100
163518.850073,0.000000,-11547.212695,919.314598
163518.850393,-2368.659014,-6587.832884,0.000000
163518.850713,0.000000,-9844.739029,1685.410096
163518.851032,0.000000,-7179.997637,0.000000
163518.851352,0.000000,-8660.409521,0.000000
163518.851671,518.144159,-8290.306550,-689.485948
163518.851991,2294.638420,-11251.130318,-76.609550
163518.852311,444.123565,-11103.089130,0.000000
163518.852630,-2886.803174,-10584.944971,-1608.800546
163518.852950,-3034.844362,-10807.006753,-1532.190996
163518.853269,-4071.132681,-9400.615463,-1532.190996
163518.853589,-2368.659014,-8364.327145,306.438199
163518.853908,518.144159,-5921.647536,-76.609550
163518.854228,0.000000,-5995.668130,1225.752797
163518.854548,1702.473667,-6809.894666,-76.609550
163518.854867,888.247130,-8290.306550,1149.143247
163518.855187,592.164754,-9844.739029,2451.505594
163518.855506,-3034.844362,-10658.965565,-2451.505594
163518.855826,-3330.926739,-11695.253884,-3830.477490
163518.856145,-3849.070898,-11917.315666,-3370.820191
163518.856465,0.000000,-10732.986159,-2451.505594
163518.856785,0.000000,-7179.997637,-1608.800546
163518.857104,1776.494261,-9252.574275,1225.752797
163518.857424,2590.720797,-6735.874072,-76.609550
163518.857743,5847.626942,-9178.553681,2374.896044
163518.858063,592.164754,-5995.668130,1225.752797
163518.858383,444.123565,-7846.182985,766.095498
163518.858702,-814.226536,-9178.553681,-612.876398
163518.859022,-2368.659014,-10214.842000,-612.876398
163518.859341,-1184.329507,-9844.739029,-1685.410096
163518.859661,-74.020594,-9474.636058,-76.609550
163518.859980,888.247130,-10140.821405,-1149.143247
163518.860300,1110.308913,-8808.450710,0.000000
163518.860620,3478.967927,-10510.924376,1149.143247
163518.860939,370.102971,-8734.430116,1838.629195
163518.861259,0.000000,-9548.656652,0.000000
163518.861578,-2812.782580,-7179.997637,-2451.505594
163518.861898,0.000000,-11917.315666,2911.162892
163518.862217,-74.020594,-8882.471304,1762.019645
163518.862537,-3552.988522,-7179.997637,-1762.019645
163518.862857,-74.020594,-9474.636058,-76.609550
163518.863176,-814.226536,-7031.956449,-1225.752797
163518.863496,962.267725,-8438.347739,536.266849
163518.863815,-1776.494261,-6809.894666,-1225.752797
163518.864135,-3552.988522,-10436.903782,-3064.381992
163518.864455,-4145.153275,-11029.068536,-2451.505594
163518.864774,-4071.132681,-11325.150913,-2451.505594
163518.865094,-3849.070898,-9548.656652,-4290.134789
163518.865413,592.164754,-11843.295072,1532.190996
163518.865733,2294.638420,-8142.265362,-1302.362347
163518.866052,4663.297435,-9474.636058,3600.648841
163518.866372,3256.906145,-6587.832884,1455.581446
163518.866692,592.164754,-6883.915261,1685.410096
163518.867011,740.205942,-9030.512492,-229.828649
163518.867331,222.061783,-9548.656652,1608.800546
163518.867650,444.123565,-12509.480420,2451.505594
163518.867970,-1850.514855,-8290.306550,-76.609550
163518.868290,-3552.988522,-8660.409521,0.000000
163518.868609,-2960.823768,-7772.162391,-1762.019645
163518.868929,-74.020594,-9178.553681,-3140.991542
163518.869248,-814.226536,-8068.244768,-689.485948
163518.869568,-2886.803174,-8956.491898,-1685.410096
163518.869887,-3256.906145,-9474.636058,-2221.676944
163518.870207,-3627.009116,-12435.459826,-1302.362347
163518.870527,-74.020594,-13619.789333,2374.896044
163518.870846,-1184.329507,-8956.491898,766.095498
163518.871166,2294.638420,-10362.883188,-76.609550
163518.871485,0.000000,-6143.709319,-1225.752797
163518.871805,2368.659014,-8068.244768,0.000000
163518.872124,2294.638420,-6809.894666,-1302.362347
163518.872444,0.000000,-9548.656652,-766.095498
163518.872764,-592.164754,-9992.780217,-2528.115143
163518.873083,-296.082377,-11177.109724,-383.047749
163518.873403,2072.576638,-11325.150913,1378.971896
163518.873722,-1776.494261,-8364.327145,0.000000
163518.874042,1480.411884,-9548.656652,306.438199
163518.874362,2294.638420,-7031.956449,766.095498
163518.874681,5847.626942,-10658.965565,3600.648841
163518.875001,-2368.659014,-3034.844362,-3677.258390
163518.875320,-1258.350101,-11251.130318,-842.705048
163518.875640,-3627.009116,-9474.636058,-3064.381992
163518.875959,-2442.679609,-12731.542202,-919.314598
163518.876279,-1924.535449,-10510.924376,0.000000
163518.876599,-2812.782580,-9474.636058,-76.609550
163518.876918,-518.144159,-9104.533087,229.828649
163518.877238,0.000000,-6957.935855,-383.047749
163518.877557,0.000000,-7179.997637,1225.752797
163518.877877,-2368.659014,-6883.915261,2298.286494
163518.878196,-4737.318029,-7179.997637,0.000000
163518.878516,-5107.421000,-9474.636058,-1149.143247
163518.878836,-4811.338623,-11547.212695,0.000000
163518.879155,-5995.668130,-9770.718434,-1455.581446
163518.879475,-4811.338623,-11251.130318,-383.047749
163518.879794,-4811.338623,-9474.636058,-2528.115143
163518.880114,-4811.338623,-11843.295072,-76.609550
163518.880434,-1850.514855,-9474.636058,-76.609550
163518.880753,-4589.276840,-7179.997637,0.000000
163518.881073,-6513.812290,-8364.327145,0.000000
163518.881392,-8216.285956,-7476.080014,-3064.381992
163518.881712,-5403.503377,-11843.295072,1072.533697
163518.882031,-4589.276840,-8882.471304,842.705048
163518.882351,-4663.297435,-9696.697840,3064.381992
163518.882671,-3627.009116,-9474.636058,1762.019645
163518.882990,-6513.812290,-5995.668130,612.876398
163518.883310,-2442.679609,-9474.636058,2374.896044
163518.883629,-2442.679609,-6513.812290,1608.800546
163518.883949,-5403.503377,-5403.503377,0.000000
163518.884268,-9474.636058,-5995.668130,-2451.505594
163518.884588,-8956.491898,-9474.636058,-3753.867940
163518.884908,-8956.491898,-11473.192101,-2987.772442
163518.885227,-6957.935855,-11843.295072,-1072.533697
163518.885547,-6143.709319,-9548.656652,-2451.505594
163518.885866,-6661.853478,-9252.574275,-1455.581446
163518.886186,-7105.977043,-7179.997637,-2451.505594
163518.886506,-4293.194464,-7772.162391,-2451.505594
163518.886825,-74.020594,-10362.883188,2987.772442
163518.887145,-74.020594,-7994.224174,3294.210641
163518.887464,0.000000,-7179.997637,2451.505594
163518.887784,-1258.350101,-6883.915261,-229.828649
163518.888103,-2738.761985,-9400.615463,-2298.286494
163518.888423,-3034.844362,-11029.068536,-2145.067394
163518.888743,-2442.679609,-11843.295072,-3140.991542
163518.889062,-2442.679609,-13027.624579,-689.485948
163518.889382,-3627.009116,-10658.965565,-1302.362347
163518.889701,-4737.318029,-9548.656652,-2145.067394
163518.890021,-2368.659014,-10288.862594,766.095498
163518.890340,1924.535449,-8734.430116,3294.210641
163518.890660,0.000000,-5551.544565,1378.971896
163518.890980,1776.494261,-5403.503377,2374.896044
163518.891299,888.247130,-6291.750507,995.924147
163518.891619,-296.082377,-7550.100608,0.000000
163518.891938,-2442.679609,-8734.430116,-4366.744339
163518.892258,-4219.173869,-14211.954086,-1608.800546
163518.892578,-4811.338623,-12731.542202,-4366.744339
163518.892897,-4737.318029,-12583.501014,-2145.067394
163518.893217,-3256.906145,-10436.903782,-229.828649
163518.893536,-2368.659014,-7179.997637,0.000000
163518.893856,-74.020594,-7698.141797,1072.533697
163518.894175,-888.247130,-6513.812290,1225.752797
163518.894495,-740.205942,-6809.894666,1991.848295
163518.894815,-74.020594,-7105.977043,-76.609550
163518.895134,370.102971,-7994.224174,2068.457845
163518.895454,-2368.659014,-7772.162391,76.609550
163518.895773,-2664.741391,-9844.739029,0.000000
163518.896093,-5921.647536,-8660.409521,-3370.820191
163518.896412,-7179.997637,-9030.512492,-7201.297681
163518.896732,-6291.750507,-12879.583391,-4979.620737
163518.897052,-5995.668130,-12361.439231,-3140.991542
163518.897371,-4145.153275,-12213.398043,689.485948
163518.897691,-2442.679609,-10732.986159,2681.334243
163518.898010,592.164754,-9474.636058,6281.983084
163518.898330,0.000000,-5921.647536,4443.353888
163518.898650,-666.185348,-4145.153275,2681.334243
163518.898969,-2960.823768,-4737.318029,306.438199
163518.899289,-4885.359217,-7031.956449,-2451.505594
163518.899608,-6809.894666,-8734.430116,-3677.258390
163518.899928,-5995.668130,-11547.212695,-2834.553343
163518.900247,-10362.883188,-11325.150913,-3064.381992
163518.900567,-8290.306550,-12509.480420,-4903.011187
163518.900887,-5995.668130,-12435.459826,-689.485948
163518.901206,-4737.318029,-8364.327145,1225.752797
163518.901526,-5699.585753,-6513.812290,-306.438199
163518.901846,-4737.318029,-5551.544565,-612.876398
163518.902165,-2664.741391,-7772.162391,76.609550
163518.902485,-1184.329507,-7920.203579,2451.505594
163518.902804,-3552.988522,-8660.409521,2451.505594
163518.903124,-3627.009116,-10510.924376,-76.609550
163518.903444,-3923.091493,-13027.624579,-689.485948
163518.903763,-3627.009116,-12139.377449,-2681.334243
163518.904083,-1406.391290,-11843.295072,1762.019645
163518.904403,-3256.906145,-7179.997637,612.876398
163518.904722,-2368.659014,-6439.791695,-919.314598
163518.905042,-3108.864956,-6587.832884,-3447.429741
163518.905361,-3330.926739,-9992.780217,-2911.162892
163518.905681,-2960.823768,-11325.150913,459.657299
163518.906001,-4441.235652,-11177.109724,2451.505594
163518.906320,-4515.256246,-10658.965565,2374.896044
163518.906640,-6143.709319,-6735.874072,-1838.629195
163518.906960,-3256.906145,-9252.574275,153.219100
163518.907279,2294.638420,-9474.636058,-76.609550
163518.907599,1184.329507,-8216.285956,4290.134789
163518.907918,0.000000,-6957.935855,2681.334243
163518.908238,-2886.803174,-6217.729913,-1225.752797
163518.908558,-2738.761985,-10214.842000,-2068.457845
163518.908877,-3256.906145,-9548.656652,-3064.381992
163518.909197,-3552.988522,-9548.656652,-3677.258390
163518.909517,-2738.761985,-12435.459826,-2604.724693
163518.909836,-5995.668130,-13545.768739,-1991.848295
163518.910156,-6809.894666,-12213.398043,-3064.381992
163518.910475,-2442.679609,-13027.624579,1149.143247
163518.910795,-814.226536,-9696.697840,3370.820191
163518.911115,0.000000,-6069.688724,3140.991542
163518.911434,518.144159,-3923.091493,2834.553343
163518.911754,0.000000,-3775.050304,3370.820191
163518.912074,0.000000,-3627.009116,612.876398
163518.912393,0.000000,-8660.409521,1225.752797
163518.912713,-2146.597232,-11399.171507,-536.266849
163518.913032,-3627.009116,-13027.624579,-2528.115143
163518.913352,-8068.244768,-10732.986159,-6128.763984
163518.913672,-6143.709319,-12879.583391,-3753.867940
163518.913991,-4515.256246,-10881.027347,-3140.991542
163518.914311,-3330.926739,-8808.450710,-2298.286494
163518.914631,-2442.679609,-7772.162391,-689.485948
163518.914950,-1850.514855,-9474.636058,1149.143247
163518.915270,-2442.679609,-8882.471304,1838.629195
163518.915590,-3256.906145,-8882.471304,1762.019645
163518.915909,-4145.153275,-9548.656652,4903.011187
163518.916229,-666.185348,-9474.636058,6435.202183
163518.916548,-1850.514855,-5477.523971,2451.505594
163518.916868,-2220.617826,-5477.523971,1455.581446
163518.917188,-5033.400406,-5181.441594,-2834.553343
163518.917507,-7772.162391,-7624.121203,-6511.811733
163518.917827,-8364.327145,-11843.295072,-7431.126331
163518.918147,-10140.821405,-13619.789333,-7124.688131
163518.918466,-10362.883188,-13101.645173,-4903.011187
163518.918786,-6291.750507,-14211.954086,-2068.457845
163518.919105,-3478.967927,-11029.068536,-689.485948
163518.919425,0.000000,-7179.997637,2451.505594
163518.919745,3330.926739,-6365.771101,5132.839837
163518.920064,5033.400406,-6439.791695,6971.469032
163518.920384,3478.967927,-6291.750507,6511.811733
163518.920704,-148.041188,-6883.915261,3217.601092
163518.921023,-1850.514855,-11251.130318,1762.019645
163518.921343,-9178.553681,-9548.656652,-3677.258390
163518.921662,-9474.636058,-11029.068536,-5362.668486
163518.921982,-9178.553681,-12213.398043,-6128.763984
163518.922302,-7105.977043,-11621.233289,-3677.258390
163518.922621,-6513.812290,-8364.327145,-1838.629195
163518.922941,-1258.350101,-8290.306550,1302.362347
163518.923261,888.247130,-7254.018232,3217.601092
163518.923580,1924.535449,-6661.853478,4596.572988
163518.923900,2664.741391,-6291.750507,4673.182538
163518.924219,1332.370696,-7772.162391,4826.401637
163518.924539,-1184.329507,-8364.327145,3064.381992
163518.924859,-1628.453072,-9548.656652,0.000000
163518.925178,592.164754,-12879.583391,2068.457845
163518.925498,1998.556043,-12731.542202,-76.609550
163518.925818,-2368.659014,-9548.656652,-2451.505594
163518.926137,1110.308913,-11251.130318,-459.657299
163518.926457,1406.391290,-10658.965565,842.705048
163518.926776,2664.741391,-10066.800811,2604.724693
163518.927096,4663.297435,-9474.636058,4826.401637
163518.927416,5847.626942,-8734.430116,6052.154434
163518.927735,4663.297435,-8290.306550,7277.907231
163518.928055,2886.803174,-6143.709319,6741.640382
163518.928375,2960.823768,-8068.244768,7507.735880
163518.928694,1184.329507,-9252.574275,8120.612279
163518.929014,-2368.659014,-8734.430116,3370.820191
163518.929334,-3182.885551,-10658.965565,2451.505594
163518.929653,-3404.947333,-11473.192101,2221.676944
163518.929973,-1702.473667,-11547.212695,4136.915689
163518.930292,-74.020594,-11843.295072,6052.154434
163518.930612,1776.494261,-8660.409521,9806.022374
163518.930932,3478.967927,-5329.482782,6511.811733
163518.931251,1776.494261,-2442.679609,5822.325785
163518.931571,0.000000,-3627.009116,3677.258390
163518.931891,0.000000,-5255.462188,3677.258390
163518.932210,222.061783,-11029.068536,4979.620737
163518.932530,-1776.494261,-14211.954086,6128.763984
163518.932849,-2960.823768,-16432.571912,6741.640382
163518.933169,-2442.679609,-16580.613101,8503.660028
163518.933489,-3034.844362,-11695.253884,7584.345430
163518.933808,-3034.844362,-5995.668130,6358.592633
163518.934128,-1480.411884,-2368.659014,4519.963438
163518.934448,0.000000,-1258.350101,3983.696590
163518.934767,2294.638420,-3256.906145,3600.648841
163518.935087,2886.803174,-8586.388927,6511.811733
163518.935406,222.061783,-10140.821405,6052.154434
163518.935726,-888.247130,-11103.089130,5975.544884
163518.936046,-3404.947333,-12065.356855,4366.744339
163518.936365,-4737.318029,-11917.315666,5209.449386
163518.936685,-3775.050304,-10362.883188,3217.601092
163518.937005,-1480.411884,-9992.780217,3600.648841
163518.937324,0.000000,-10584.944971,4596.572988
163518.937644,296.082377,-10140.821405,3983.696590
163518.937963,-666.185348,-9326.594869,2374.896044
163518.938283,-1258.350101,-9474.636058,2987.772442
163518.938603,-4071.132681,-6587.832884,842.705048
163518.938922,-2368.659014,-4811.338623,536.266849
163518.939242,1702.473667,-8882.471304,4826.401637
163518.939562,2368.659014,-7179.997637,3677.258390
163518.939881,2442.679609,-9178.553681,2374.896044
163518.940201,-1406.391290,-11177.109724,229.828649
163518.940520,-4589.276840,-13545.768739,-1838.629195
163518.940840,-5551.544565,-14656.077652,-2604.724693
163518.941160,-5847.626942,-11325.150913,-1915.238745
163518.941479,-1406.391290,-10658.965565,-153.219100
163518.941799,2294.638420,-10955.047942,1762.019645
163518.942119,4071.132681,-9474.636058,1762.019645
163518.942438,5625.565159,-9474.636058,6894.859482
163518.942758,2368.659014,-4811.338623,2528.115143
163518.943078,2368.659014,-5477.523971,-306.438199
163518.943397,2886.803174,-9104.533087,0.000000
163518.943717,4663.297435,-10214.842000,2451.505594
163518.944036,4145.153275,-8364.327145,2451.505594
163518.944356,1554.432478,-8660.409521,76.609550
163518.944676,-1850.514855,-13027.624579,-2834.553343
163518.944995,-5403.503377,-13915.871710,-4979.620737
163518.945315,-5107.421000,-13471.748144,-2145.067394
163518.945635,-2516.700203,-13915.871710,2987.772442
163518.945954,-740.205942,-8956.491898,1915.238745
163518.946274,2516.700203,-5921.647536,2451.505594
163518.946593,4885.359217,-4071.132681,3370.820191
163518.946913,2664.741391,-2442.679609,1225.752797
163518.947233,0.000000,-3627.009116,0.000000
163518.947552,0.000000,-7179.997637,0.000000
163518.947872,-148.041188,-12213.398043,229.828649
163518.948192,-2738.761985,-13323.706956,-1302.362347
163518.948511,-3627.009116,-15396.283594,-1302.362347
163518.948831,-3108.864956,-13101.645173,0.000000
163518.949150,-1332.370696,-9548.656652,0.000000
163518.949470,-2590.720797,-8438.347739,-153.219100
163518.949790,-2664.741391,-8882.471304,-153.219100
163518.950109,-1184.329507,-8364.327145,2374.896044
163518.950429,5255.462188,-8290.306550,6665.030833
163518.950749,4515.256246,-7550.100608,5439.278036
163518.951068,592.164754,-7254.018232,2987.772442
163518.951388,0.000000,-8364.327145,2451.505594
163518.951707,2294.638420,-11843.295072,2374.896044
163518.952027,-2368.659014,-12583.501014,1838.629195
163518.952347,-3849.070898,-12731.542202,1762.019645
163518.952666,-3330.926739,-11029.068536,1915.238745
163518.952986,-1628.453072,-9252.574275,2987.772442
163518.953306,-888.247130,-8364.327145,2451.505594
163518.953625,-1776.494261,-8438.347739,5209.449386
163518.953945,-74.020594,-8882.471304,7124.688131
163518.954264,-74.020594,-4441.235652,4213.525239
163518.954584,1628.453072,-4811.338623,3830.477490
163518.954904,5847.626942,-8290.306550,7277.907231
163518.955223,2812.782580,-8142.265362,6741.640382
163518.955543,592.164754,-9696.697840,3753.867940
163518.955863,-3034.844362,-13101.645173,1455.581446
163518.956182,-4737.318029,-14285.974681,2451.505594
163518.956502,-5921.647536,-12509.480420,1838.629195
163518.956822,-7105.977043,-9548.656652,0.000000
163518.957141,-3552.988522,-9104.533087,2451.505594
163518.957461,-74.020594,-7920.203579,3830.477490
163518.957780,1110.308913,-4589.276840,2987.772442
163518.958100,3478.967927,-6513.812290,6052.154434
163518.958420,4071.132681,-7105.977043,7431.126331
163518.958739,5551.544565,-7105.977043,6818.249932
163518.959059,4071.132681,-8512.368333,6511.811733
163518.959379,0.000000,-10732.986159,5822.325785
163518.959698,1110.308913,-12435.459826,4519.963438
163518.960018,-2220.617826,-12065.356855,4060.306139
163518.960337,-3256.906145,-11029.068536,1225.752797
163518.960657,-4737.318029,-9844.739029,1838.629195
163518.960977,-4811.338623,-8586.388927,-1302.362347
163518.961296,-3775.050304,-7179.997637,1378.971896
163518.961616,-1036.288319,-5995.668130,1455.581446
163518.961936,666.185348,-5921.647536,3447.429741
163518.962255,3330.926739,-8290.306550,4826.401637
163518.962575,2368.659014,-9474.636058,7890.783629
163518.962894,2738.761985,-10066.800811,6665.030833
163518.963214,518.144159,-11843.295072,7277.907231
163518.963534,-1554.432478,-10732.986159,3983.696590
163518.963853,-4737.318029,-9548.656652,0.000000
163518.964173,-3627.009116,-10658.965565,1762.019645
163518.964493,-4145.153275,-7994.224174,153.219100
163518.964812,-3330.926739,-8882.471304,-459.657299
163518.965132,-1924.535449,-6957.935855,-1455.581446
163518.965451,-74.020594,-9474.636058,1072.533697
163518.965771,0.000000,-11325.150913,2528.115143
163518.966091,4367.215058,-12139.377449,6665.030833
163518.966410,3182.885551,-12435.459826,6665.030833
163518.966730,444.123565,-9548.656652,5515.887586
163518.967050,-2368.659014,-6291.750507,2451.505594
163518.967369,-74.020594,-8142.265362,4213.525239
163518.967689,222.061783,-5551.544565,2451.505594
163518.968008,1110.308913,-8068.244768,1149.143247
163518.968328,-1036.288319,-8512.368333,-383.047749
163518.968648,-1184.329507,-12509.480420,-919.314598
163518.968967,-5921.647536,-10732.986159,0.000000
163518.969287,-2886.803174,-11177.109724,459.657299
163518.969607,-2738.761985,-8586.388927,-76.609550
163518.969926,-666.185348,-8808.450710,-995.924147
163518.970246,4663.297435,-7698.141797,-76.609550
163518.970566,3849.070898,-6883.915261,3064.381992
163518.970885,3775.050304,-7402.059420,2221.676944
163518.971205,-444.123565,-9326.594869,-2221.676944
163518.971524,-1184.329507,-13397.727550,-1072.533697
163518.971844,-2442.679609,-12139.377449,-3140.991542
163518.972164,-1850.514855,-14804.118840,-1915.238745
163518.972483,-3330.926739,-11251.130318,-4979.620737
163518.972803,-4737.318029,-8364.327145,-4903.011187
163518.973123,-666.185348,-9474.636058,-2528.115143
163518.973442,0.000000,-6143.709319,-3524.039291
163518.973762,1554.432478,-7624.121203,-5056.230287
163518.974081,888.247130,-8068.244768,-3753.867940
163518.974401,2368.659014,-10732.986159,-2145.067394
163518.974721,518.144159,-9696.697840,0.000000
163518.975040,4589.276840,-10955.047942,383.047749
163518.975360,0.000000,-8586.388927,-2221.676944
163518.975680,-1628.453072,-8734.430116,-3140.991542
163518.975999,-1554.432478,-8142.265362,-4979.620737
163518.976319,2294.638420,-10658.965565,-4060.306139
163518.976638,1110.308913,-9918.759623,-4979.620737
163518.976958,-2738.761985,-11843.295072,-6052.154434
163518.977278,-2368.659014,-10658.965565,-4979.620737
163518.977597,0.000000,-10140.821405,-3677.258390
163518.977917,0.000000,-8364.327145,-4290.134789
163518.978237,-1406.391290,-7550.100608,-3217.601092
163518.978556,0.000000,-7920.203579,-1378.971896
163518.978876,1850.514855,-6143.709319,-1072.533697
163518.979195,5403.503377,-7328.038826,536.266849
163518.979515,1702.473667,-8290.306550,-3524.039291
163518.979835,-1184.329507,-11917.315666,-2528.115143
163518.980154,-74.020594,-14804.118840,-1915.238745
163518.980474,-74.020594,-13619.789333,-1455.581446
163518.980794,-2368.659014,-10140.821405,-2451.505594
163518.981113,-4367.215058,-9178.553681,-4060.306139
163518.981433,-1776.494261,-8808.450710,-1915.238745
163518.981752,222.061783,-5107.421000,-1838.629195
163518.982072,3108.864956,-5995.668130,-1455.581446
163518.982392,1110.308913,-6513.812290,-2528.115143
163518.982711,1332.370696,-11177.109724,0.000000
163518.983031,0.000000,-10732.986159,1225.752797
163518.983351,1776.494261,-13101.645173,5056.230287
163518.983670,-1184.329507,-10436.903782,3294.210641
163518.983990,-7105.977043,-9548.656652,0.000000
163518.984310,-2442.679609,-8512.368333,-76.609550
163518.984629,-444.123565,-5033.400406,689.485948
163518.984949,1406.391290,-6883.915261,766.095498
163518.985268,-1554.432478,-5625.565159,-2221.676944
163518.985588,-74.020594,-10362.883188,-76.609550
163518.985908,-74.020594,-11843.295072,1762.019645
163518.986227,-518.144159,-11473.192101,2145.067394
163518.986547,-3034.844362,-11251.130318,2987.772442
163518.986867,-518.144159,-10140.821405,5592.497135
163518.987186,0.000000,-7179.997637,3677.258390
163518.987506,2442.679609,-7105.977043,4903.011187
163518.987825,3478.967927,-7328.038826,3064.381992
163518.988145,-222.061783,-8068.244768,842.705048
163518.988465,-74.020594,-11843.295072,229.828649
163518.988784,-2368.659014,-11917.315666,1225.752797
163518.989104,-74.020594,-13619.789333,2068.457845
163518.989424,-2590.720797,-10658.965565,-76.609550
163518.989743,-4071.132681,-9548.656652,1225.752797
163518.990063,0.000000,-9844.739029,4596.572988
163518.990382,962.267725,-7476.080014,3983.696590
163518.990702,2886.803174,-7328.038826,3294.210641
163518.991022,296.082377,-7105.977043,3370.820191
163518.991341,962.267725,-8438.347739,3064.381992
163518.991661,0.000000,-6883.915261,1225.752797
163518.991981,1184.329507,-10288.862594,2757.943793
163518.992300,-370.102971,-11843.295072,2068.457845
163518.992620,-2590.720797,-11843.295072,536.266849
163518.992939,-3997.112087,-11251.130318,2068.457845
163518.993259,-1776.494261,-9104.533087,2834.553343
163518.993579,-2368.659014,-6291.750507,-2374.896044
163518.993898,-2072.576638,-6217.729913,-2374.896044
163518.994218,1480.411884,-9326.594869,-306.438199
163518.994538,2442.679609,-9548.656652,1225.752797
163518.994857,2072.576638,-10510.924376,3600.648841
163518.995177,-2442.679609,-7698.141797,-76.609550
163518.995496,-4441.235652,-9548.656652,612.876398
163518.995816,-74.020594,-6809.894666,0.000000
163518.996136,4071.132681,-8290.306550,-76.609550
163518.996455,740.205942,-6735.874072,-1608.800546
163518.996775,0.000000,-9770.718434,-1838.629195
163518.997095,518.144159,-11547.212695,-1608.800546
163518.997414,-592.164754,-11621.233289,-2145.067394
163518.997734,-3552.988522,-10732.986159,-3294.210641
163518.998054,-4145.153275,-10140.821405,-3370.820191
163518.998373,-74.020594,-11103.089130,-1302.362347
163518.998693,1776.494261,-6143.709319,689.485948
163518.999012,2960.823768,-4811.338623,2451.505594
163518.999332,1702.473667,-4441.235652,-3140.991542
163518.999652,2294.638420,-9252.574275,-1302.362347
163518.999971,1110.308913,-10140.821405,-2374.896044
163519.000291,444.123565,-12953.603985,-995.924147
163519.000611,-2738.761985,-14804.118840,-2834.553343
163519.000930,-7179.997637,-13915.871710,-3064.381992
163519.001250,-3627.009116,-10658.965565,-4366.744339
163519.001569,-2294.638420,-6809.894666,-2528.115143
163519.001889,74.020594,-4293.194464,-4443.353888
163519.002209,-2960.823768,-3627.009116,-6128.763984
163519.002528,3182.885551,-9474.636058,-2528.115143
163519.002848,2516.700203,-11325.150913,459.657299
163519.003168,2294.638420,-13545.768739,1532.190996
163519.003487,-2590.720797,-11547.212695,-1838.629195
163519.003807,-2220.617826,-12435.459826,-76.609550
163519.004127,-2368.659014,-7920.203579,-2451.505594
163519.004447,888.247130,-8068.244768,0.000000
163519.004766,3849.070898,-9178.553681,-842.705048
163519.005086,1036.288319,-8438.347739,-2451.505594
163519.005406,814.226536,-8364.327145,0.000000
163519.005726,1110.308913,-8586.388927,-1302.362347
163519.006045,1702.473667,-11769.274478,-76.609550
163519.006365,-2442.679609,-8956.491898,-2528.115143
163519.006685,-296.082377,-10362.883188,1072.533697
163519.007005,3478.967927,-10658.965565,3600.648841
163519.007324,2368.659014,-10140.821405,4903.011187
163519.007644,-74.020594,-7994.224174,-76.609550
163519.007964,-1554.432478,-8290.306550,-2221.676944
163519.008284,-1258.350101,-9548.656652,-2451.505594
163519.008604,-1258.350101,-8586.388927,-2681.334243
163519.008923,-814.226536,-12213.398043,-689.485948
163519.009243,-4367.215058,-10362.883188,-2451.505594
163519.009563,-2368.659014,-11769.274478,-1915.238745
163519.009883,-666.185348,-11547.212695,2374.896044
163519.010202,814.226536,-9252.574275,689.485948
163519.010522,-2368.659014,-6587.832884,-1532.190996
163519.010842,666.185348,-8956.491898,0.000000
163519.011162,4663.297435,-10658.965565,2374.896044
163519.011481,3478.967927,-8882.471304,-76.609550
163519.011801,1406.391290,-11177.109724,-76.609550
163519.012121,-2886.803174,-11621.233289,-1302.362347
163519.012441,-2072.576638,-12953.603985,0.000000
163519.012760,-2886.803174,-10066.800811,2068.457845
163519.013080,-2368.659014,-7179.997637,1532.190996
163519.013400,-1554.432478,-5181.441594,-1532.190996
163519.013720,2368.659014,-7550.100608,919.314598
163519.014039,4293.194464,-6809.894666,2298.286494
163519.014359,4293.194464,-7772.162391,3064.381992
163519.014679,1110.308913,-10066.800811,2068.457845
163519.014999,-1258.350101,-13027.624579,1762.019645
163519.015318,-3627.009116,-9104.533087,306.438199
163519.015638,-2664.741391,-6587.832884,0.000000
163519.015958,2294.638420,-8290.306550,4213.525239
163519.016278,0.000000,-4811.338623,0.000000
163519.016597,2294.638420,-8956.491898,1915.238745
163519.016917,222.061783,-9844.739029,1838.629195
163519.017237,-740.205942,-11177.109724,612.876398
163519.017557,-4219.173869,-11843.295072,-3217.601092
163519.017876,-3330.926739,-12435.459826,-842.705048
163519.018196,-74.020594,-10658.965565,842.705048
163519.018516,74.020594,-7550.100608,1762.019645
163519.018836,740.205942,-6587.832884,689.485948
163519.019155,-592.164754,-8364.327145,2145.067394
163519.019475,0.000000,-8956.491898,0.000000
163519.019795,222.061783,-9696.697840,-536.266849
163519.020115,1110.308913,-12731.542202,229.828649
163519.020434,-1850.514855,-11843.295072,-1378.971896
163519.020754,-2442.679609,-12213.398043,0.000000
163519.021074,-888.247130,-9844.739029,1225.752797
163519.021394,1702.473667,-9474.636058,3600.648841
163519.021713,-74.020594,-5773.606348,-1302.362347
163519.022033,-518.144159,-4811.338623,-995.924147
163519.022353,2072.576638,-9992.780217,3677.258390
163519.022673,962.267725,-8882.471304,1455.581446
163519.022992,1850.514855,-11251.130318,612.876398
163519.023312,-2516.700203,-10658.965565,-842.705048
163519.023632,-3923.091493,-10140.821405,0.000000
163519.023952,-4515.256246,-6587.832884,-2374.896044
163519.024271,-4737.318029,-6587.832884,-2145.067394
163519.024591,-888.247130,-7624.121203,-1225.752797
163519.024911,1110.308913,-8290.306550,689.485948
163519.025231,4071.132681,-10658.965565,1762.019645
163519.025550,0.000000,-8956.491898,1838.629195
163519.025870,74.020594,-8882.471304,-1378.971896
163519.026190,-3034.844362,-9178.553681,-2451.505594
163519.026510,-296.082377,-11843.295072,-766.095498
163519.026829,-1554.432478,-7846.182985,-153.219100
163519.027149,1702.473667,-11251.130318,-76.609550
163519.027469,-1258.350101,-8586.388927,-2528.115143
163519.027789,0.000000,-10066.800811,-2528.115143
163519.028108,148.041188,-8734.430116,-2298.286494
163519.028428,2886.803174,-13027.624579,-76.609550
163519.028748,0.000000,-9548.656652,-1838.629195
163519.029068,-1998.556043,-9178.553681,-1838.629195
163519.029387,0.000000,-9622.677246,-919.314598
163519.029707,-222.061783,-7920.203579,-306.438199
163519.030027,888.247130,-8956.491898,612.876398
163519.030347,-666.185348,-9474.636058,-1608.800546
163519.030666,518.144159,-10658.965565,-689.485948
163519.030986,-1332.370696,-7772.162391,-2604.724693
163519.031306,0.000000,-9548.656652,-1149.143247
163519.031626,-74.020594,-11843.295072,-1302.362347
163519.031946,-2812.782580,-11029.068536,-2374.896044
163519.032265,-1554.432478,-10881.027347,-1532.190996
163519.032585,-1924.535449,-9326.594869,-842.705048
163519.032905,-2368.659014,-7179.997637,0.000000
163519.033225,-4441.235652,-4811.338623,-3064.381992
163519.033544,0.000000,-7179.997637,0.000000
163519.033864,4589.276840,-9178.553681,995.924147
163519.034184,4071.132681,-9918.759623,1149.143247
163519.034504,-74.020594,-8882.471304,-1302.362347
163519.034823,-1258.350101,-11843.295072,-766.095498
163519.035143,-2886.803174,-8808.450710,-3217.601092
163519.035463,-1258.350101,-9844.739029,-2374.896044
163519.035783,888.247130,-8882.471304,-1532.190996
163519.036102,0.000000,-7179.997637,0.000000
163519.036422,4663.297435,-10066.800811,2374.896044
163519.036742,1702.473667,-7698.141797,1685.410096
163519.037062,888.247130,-8660.409521,0.000000
163519.037381,-222.061783,-9474.636058,-383.047749
163519.037701,-74.020594,-10658.965565,-1915.238745
163519.038021,148.041188,-10584.944971,919.314598
163519.038341,222.061783,-10214.842000,1455.581446
163519.038660,-2368.659014,-9030.512492,-995.924147
163519.038980,-1258.350101,-11029.068536,-76.609550
163519.039300,-518.144159,-10732.986159,229.828649
163519.039620,-74.020594,-10510.924376,842.705048
163519.039939,518.144159,-10658.965565,-76.609550
163519.040259,-4737.318029,-7772.162391,0.000000
163519.040579,-2368.659014,-9548.656652,0.000000
163519.040899,-74.020594,-8290.306550,-689.485948
163519.041218,-666.185348,-9844.739029,459.657299
163519.041538,-2294.638420,-7624.121203,-842.705048
163519.041858,-1554.432478,-8882.471304,76.609550
163519.042178,296.082377,-9548.656652,3064.381992
163519.042497,888.247130,-9252.574275,1378.971896
163519.042817,2294.638420,-11695.253884,2221.676944
163519.043137,-74.020594,-10658.965565,-76.609550
163519.043457,-370.102971,-10955.047942,1149.143247
163519.043776,-3923.091493,-6587.832884,0.000000
163519.044096,518.144159,-9474.636058,1762.019645
163519.044416,-2072.576638,-7105.977043,229.828649
163519.044736,1332.370696,-8364.327145,2451.505594
163519.045055,2516.700203,-6587.832884,3370.820191
163519.045375,3256.906145,-7476.080014,4290.134789
163519.045695,-2368.659014,-5403.503377,0.000000
163519.046015,-2812.782580,-9548.656652,-383.047749
163519.046334,-1406.391290,-10436.903782,-689.485948
163519.046654,-74.020594,-8068.244768,-1915.238745
163519.046974,2294.638420,-11843.295072,-76.609550
163519.047294,-2664.741391,-9548.656652,-1149.143247
163519.047613,0.000000,-11177.109724,536.266849
163519.047933,666.185348,-8808.450710,842.705048
163519.048253,1776.494261,-8956.491898,3064.381992
163519.048573,0.000000,-7772.162391,-612.876398
163519.048892,-1850.514855,-9696.697840,-1149.143247
163519.049212,-370.102971,-9178.553681,-1302.362347
163519.049532,0.000000,-9548.656652,0.000000
163519.049852,1406.391290,-11843.295072,-76.609550
163519.050171,-1480.411884,-11473.192101,-76.609550
163519.050491,0.000000,-11399.171507,-919.314598
163519.050811,74.020594,-9918.759623,0.000000
163519.051131,1184.329507,-10362.883188,-76.609550
163519.051450,-4145.153275,-7179.997637,-2451.505594
163519.051770,-74.020594,-10658.965565,-689.485948
163519.052090,370.102971,-8438.347739,-153.219100
163519.052410,740.205942,-9030.512492,1149.143247
163519.052729,-1184.329507,-7031.956449,-1608.800546
163519.053049,-74.020594,-8290.306550,-2068.457845
163519.053369,2294.638420,-11843.295072,1149.143247
163519.053689,370.102971,-7846.182985,153.219100
163519.054008,0.000000,-8956.491898,0.000000
163519.054328,-814.226536,-9844.739029,1378.971896
163519.054648,-4145.153275,-7179.997637,-1838.629195
163519.054968,-1554.432478,-7105.977043,-1149.143247
163519.055288,-1036.288319,-8956.491898,-1685.410096
163519.055607,-2220.617826,-8068.244768,-2604.724693
163519.055927,-666.185348,-10362.883188,-1302.362347
163519.056247,2072.576638,-9992.780217,1455.581446
163519.056567,1702.473667,-9326.594869,842.705048
163519.056886,-74.020594,-8882.471304,-1915.238745
163519.057206,-3552.988522,-7179.997637,-4060.306139
163519.057526,148.041188,-11029.068536,919.314598
163519.057846,0.000000,-8882.471304,-1991.848295
163519.058165,1332.370696,-11325.150913,-842.705048
163519.058485,-2368.659014,-10214.842000,-2987.772442
163519.058805,-1184.329507,-10881.027347,-1608.800546
163519.059125,222.061783,-8660.409521,-3140.991542
163519.059444,2072.576638,-9548.656652,612.876398
163519.059764,0.000000,-7179.997637,-2451.505594
163519.060084,-592.164754,-9844.739029,306.438199
163519.060404,1184.329507,-9844.739029,153.219100
163519.060723,0.000000,-8364.327145,1225.752797
163519.061043,518.144159,-9474.636058,-1608.800546
163519.061363,-2294.638420,-8882.471304,-2528.115143
163519.061683,-444.123565,-11473.192101,-459.657299
163519.062002,-1184.329507,-8364.327145,0.000000
163519.062322,222.061783,-8068.244768,-76.609550
163519.062642,-1258.350101,-7698.141797,-2528.115143
163519.062962,-3552.988522,-7179.997637,-3064.381992
163519.063281,-1480.411884,-7179.997637,-3600.648841
163519.063601,2886.803174,-11251.130318,1149.143247
163519.063921,0.000000,-9548.656652,0.000000
163519.064241,-2812.782580,-10807.006753,-229.828649
163519.064560,-296.082377,-10362.883188,306.438199
163519.064880,-74.020594,-7994.224174,919.314598
163519.065200,1702.473667,-7994.224174,153.219100
163519.065520,-74.020594,-8882.471304,-383.047749
163519.065839,74.020594,-8142.265362,-536.266849
163519.066159,814.226536,-5995.668130,-2298.286494
163519.066479,0.000000,-9548.656652,612.876398
163519.066799,-74.020594,-11843.295072,-76.609550
163519.067118,-2960.823768,-10140.821405,-1225.752797
163519.067438,296.082377,-11843.295072,1608.800546
163519.067758,1184.329507,-8586.388927,3217.601092
163519.068078,1554.432478,-9030.512492,1838.629195
163519.068397,-2368.659014,-5403.503377,0.000000
163519.068717,1850.514855,-9474.636058,766.095498
163519.069037,1110.308913,-10658.965565,2374.896044
163519.069357,74.020594,-9548.656652,0.000000
163519.069676,-3256.906145,-9474.636058,-1608.800546
163519.069996,-2516.700203,-13915.871710,1302.362347
163519.070316,-2516.700203,-10584.944971,76.609550
163519.070636,-1110.308913,-9474.636058,1685.410096
163519.070955,-444.123565,-7476.080014,459.657299
163519.071275,-4145.153275,-5403.503377,-2451.505594
163519.071595,-1776.494261,-7179.997637,0.000000
163519.071915,-2368.659014,-5995.668130,-2145.067394
163519.072234,592.164754,-10436.903782,766.095498
163519.072554,-2442.679609,-9474.636058,-2528.115143
163519.072874,-666.185348,-12731.542202,-76.609550
163519.073194,-962.267725,-11473.192101,1072.533697
163519.073513,740.205942,-9696.697840,1378.971896
163519.073833,74.020594,-8142.265362,229.828649
163519.074153,-1406.391290,-7698.141797,0.000000
163519.074473,0.000000,-5995.668130,-1608.800546
163519.074792,3478.967927,-8290.306550,1149.143247
163519.075112,1332.370696,-7846.182985,-766.095498
163519.075432,-2072.576638,-8956.491898,-3677.258390
163519.075752,0.000000,-10732.986159,306.438199
163519.076071,-74.020594,-9474.636058,-76.609550
163519.076391,666.185348,-9474.636058,1225.752797
163519.076711,-518.144159,-7846.182985,-383.047749
163519.077031,-592.164754,-8512.368333,76.609550
163519.077351,1776.494261,-9548.656652,1991.848295
163519.077670,1184.329507,-7476.080014,612.876398
163519.077990,-74.020594,-11251.130318,-229.828649
163519.078310,-2886.803174,-11547.212695,-1915.238745
163519.078630,-1850.514855,-10732.986159,-1149.143247
163519.078949,-1628.453072,-7254.018232,0.000000
163519.079269,2146.597232,-9474.636058,1149.143247
163519.079589,-1776.494261,-5699.585753,-2298.286494
163519.079909,592.164754,-8068.244768,-1072.533697
163519.080228,2368.659014,-8956.491898,-383.047749
163519.080548,0.000000,-10732.986159,1225.752797
163519.080868,-592.164754,-12361.439231,-612.876398
163519.081188,-3627.009116,-11547.212695,-1685.410096
163519.081507,-2960.823768,-10732.986159,0.000000
163519.081827,-592.164754,-8956.491898,0.000000
163519.082147,1110.308913,-8290.306550,-383.047749
163519.082467,1702.473667,-8882.471304,-689.485948
163519.082786,2220.617826,-8956.491898,995.924147
163519.083106,222.061783,-7179.997637,-306.438199
163519.083426,-1036.288319,-9326.594869,-1302.362347
163519.083746,-2960.823768,-8364.327145,-3983.696590
163519.084065,-1850.514855,-10955.047942,-3370.820191
163519.084385,1702.473667,-13619.789333,1149.143247
163519.084705,-74.020594,-10214.842000,1149.143247
163519.085025,-370.102971,-9474.636058,-76.609550
163519.085344,-3330.926739,-6143.709319,-2451.505594
163519.085664,0.000000,-8364.327145,-919.314598
163519.085984,-2368.659014,-5995.668130,-1225.752797
163519.086304,962.267725,-9252.574275,-229.828649
163519.086623,-1110.308913,-9474.636058,-1455.581446
163519.086943,-1184.329507,-10732.986159,-689.485948
163519.087263,-2960.823768,-7772.162391,-1838.629195
163519.087583,0.000000,-9918.759623,1149.143247
163519.087902,-74.020594,-9474.636058,-1302.362347
163519.088222,-2368.659014,-6587.832884,-3907.087040
163519.088542,0.000000,-7179.997637,-3370.820191
163519.088862,-2368.659014,-4811.338623,-2451.505594
163519.089181,1702.473667,-11029.068536,-689.485948
163519.089501,-1184.329507,-9548.656652,-2528.115143
163519.089821,-444.123565,-11843.295072,-1532.190996
163519.090141,370.102971,-8364.327145,1532.190996
163519.090460,888.247130,-7476.080014,1838.629195
163519.090780,888.247130,-6587.832884,0.000000
163519.091100,2072.576638,-8586.388927,2374.896044
163519.091420,592.164754,-7179.997637,306.438199
163519.091739,3478.967927,-9474.636058,-76.609550
163519.092059,1036.288319,-10436.903782,-612.876398
163519.092379,-3478.967927,-10658.965565,-2298.286494
163519.092699,-1258.350101,-11843.295072,-1302.362347
163519.093018,-2368.659014,-9548.656652,612.876398
163519.093338,888.247130,-10881.027347,1685.410096
163519.093658,-370.102971,-7994.224174,842.705048
163519.093978,-74.020594,-9474.636058,2374.896044
163519.094297,-2072.576638,-5403.503377,-1225.752797
163519.094617,3478.967927,-11251.130318,3600.648841
163519.094937,0.000000,-8734.430116,-1378.971896
163519.095257,-1924.535449,-10955.047942,-153.219100
163519.095576,-1036.288319,-11399.171507,-383.047749
163519.095896,-1998.556043,-10140.821405,0.000000
163519.096216,-1702.473667,-7920.203579,-1991.848295
163519.096536,-2146.597232,-7105.977043,-1455.581446
163519.096855,0.000000,-9622.677246,459.657299
163519.097175,1110.308913,-7994.224174,766.095498
163519.097495,2886.803174,-10362.883188,2374.896044
163519.097815,-814.226536,-9474.636058,-842.705048
163519.098134,-2072.576638,-10436.903782,0.000000
163519.098454,962.267725,-12361.439231,2451.505594
163519.098774,2294.638420,-11473.192101,4519.963438
163519.099094,-2368.659014,-7772.162391,1225.752797
163519.099413,-2442.679609,-7031.956449,-383.047749
163519.099733,0.000000,-6883.915261,306.438199
163519.100053,-740.205942,-5255.462188,0.000000
163519.100373,370.102971,-7105.977043,-1149.143247
163519.100693,-592.164754,-10658.965565,-2528.115143
163519.101012,-74.020594,-13915.871710,536.266849
163519.101332,-1184.329507,-11917.315666,0.000000
163519.101652,-2368.659014,-11029.068536,3064.381992
163519.101972,-3256.906145,-7624.121203,-689.485948
163519.102291,-4737.318029,-4811.338623,-3677.258390
163519.102611,2442.679609,-7550.100608,-689.485948
163519.102931,3775.050304,-7254.018232,1838.629195
163519.103250,3701.029710,-9844.739029,1302.362347
163519.103570,-1850.514855,-9178.553681,-2528.115143
163519.103890,-1850.514855,-11843.295072,-2528.115143
163519.104209,-3256.906145,-11251.130318,-2528.115143
163519.104529,-2072.576638,-10066.800811,-3447.429741
163519.104849,-592.164754,-10436.903782,-766.095498
163519.105168,1702.473667,-9844.739029,2374.896044
163519.105488,0.000000,-5995.668130,0.000000
163519.105808,1406.391290,-5625.565159,-919.314598
163519.106127,2072.576638,-8068.244768,-383.047749
163519.106447,-962.267725,-9178.553681,-1915.238745
163519.106767,3478.967927,-11843.295072,-76.609550
163519.107086,1776.494261,-10288.862594,1991.848295
163519.107406,2442.679609,-11843.295072,2374.896044
163519.107726,-1258.350101,-8290.306550,-76.609550
163519.108045,-74.020594,-8882.471304,-689.485948
163519.108365,0.000000,-7476.080014,153.219100
163519.108685,-1184.329507,-7476.080014,-1762.019645
163519.109004,-296.082377,-9104.533087,-1685.410096
163519.109324,-1850.514855,-9252.574275,-1378.971896
163519.109644,74.020594,-11325.150913,612.876398
163519.109963,-74.020594,-8438.347739,0.000000
163519.110283,0.000000,-9548.656652,1225.752797
163519.110603,-2442.679609,-7698.141797,0.000000
163519.110922,-74.020594,-10658.965565,2068.457845
163519.111242,1110.308913,-7698.141797,-76.609550
163519.111562,0.000000,-7179.997637,1532.190996
163519.111881,-74.020594,-8290.306550,-2757.943793
163519.112201,-2220.617826,-11473.192101,-3140.991542
163519.112521,-1184.329507,-13693.809927,-2528.115143
163519.112840,-3330.926739,-10140.821405,-1762.019645
163519.113160,-1850.514855,-10807.006753,-1838.629195
163519.113480,-2960.823768,-8734.430116,-1455.581446
163519.113799,0.000000,-7772.162391,1225.752797
163519.114119,2886.803174,-6513.812290,2374.896044
163519.114439,5255.462188,-8882.471304,4826.401637
163519.114758,0.000000,-6883.915261,-1225.752797
163519.115078,-814.226536,-10436.903782,-842.705048
163519.115398,-1406.391290,-11029.068536,-1225.752797
163519.115717,-1998.556043,-12879.583391,0.000000
163519.116037,-2738.761985,-11325.150913,-2681.334243
163519.116357,-4811.338623,-11843.295072,-383.047749
163519.116676,-2442.679609,-8586.388927,-995.924147
163519.116996,-2072.576638,-3627.009116,-919.314598
163519.117316,0.000000,-4811.338623,0.000000
163519.117635,1998.556043,-9178.553681,-76.609550
163519.117955,888.247130,-9104.533087,-612.876398
163519.118275,666.185348,-10066.800811,689.485948
163519.118594,1184.329507,-11251.130318,1378.971896
163519.118914,-1702.473667,-9918.759623,-1225.752797
163519.119234,-2146.597232,-9474.636058,-1225.752797
163519.119553,1184.329507,-9918.759623,689.485948
163519.119873,2294.638420,-8290.306550,1225.752797
163519.120193,4663.297435,-9474.636058,-76.609550
163519.120512,-666.185348,-7105.977043,-2528.115143
163519.120832,2294.638420,-11843.295072,-76.609550
163519.121152,1332.370696,-10362.883188,-919.314598
163519.121471,2516.700203,-12657.521608,2068.457845
163519.121791,0.000000,-9696.697840,842.705048
163519.122111,-4145.153275,-7179.997637,1225.752797
163519.122430,-1184.329507,-5255.462188,0.000000
163519.122750,1776.494261,-5995.668130,0.000000
163519.123070,1776.494261,-8512.368333,-153.219100
163519.123389,-666.185348,-10658.965565,-1302.362347
163519.123709,1110.308913,-14211.954086,-76.609550
163519.124029,-1924.535449,-13619.789333,76.609550
163519.124348,-3034.844362,-13027.624579,-842.705048
163519.124668,-6217.729913,-8438.347739,-3064.381992
163519.124988,-3775.050304,-8290.306550,-766.095498
163519.125307,-2368.659014,-3034.844362,0.000000
163519.125627,2886.803174,-5625.565159,1149.143247
163519.125947,0.000000,-5403.503377,0.000000
163519.126266,-1184.329507,-10140.821405,76.609550
163519.126586,-814.226536,-13027.624579,-76.609550
163519.126906,-2368.659014,-12509.480420,1532.190996
163519.127225,-962.267725,-11547.212695,-1532.190996
163519.127545,-3627.009116,-9474.636058,-2374.896044
163519.127865,-1258.350101,-9844.739029,153.219100
163519.128184,-1776.494261,-5995.668130,-1838.629195
163519.128504,2072.576638,-6883.915261,1225.752797
163519.128824,444.123565,-7772.162391,-306.438199
163519.129143,-74.020594,-9474.636058,-76.609550
163519.129463,-962.267725,-7550.100608,-2145.067394
163519.129783,0.000000,-9548.656652,3677.258390
163519.130102,0.000000,-9844.739029,0.000000
163519.130422,-2442.679609,-9178.553681,76.609550
163519.130742,-444.123565,-9548.656652,689.485948
163519.131062,148.041188,-6883.915261,536.266849
163519.131381,3478.967927,-9474.636058,-76.609550
163519.131701,-1480.411884,-8364.327145,-2068.457845
163519.132021,74.020594,-10436.903782,-766.095498
163519.132340,222.061783,-10436.903782,0.000000
163519.132660,0.000000,-11621.233289,1762.019645
163519.132980,-3552.988522,-9548.656652,-2145.067394
163519.133299,-6513.812290,-7772.162391,-3677.258390
163519.133619,0.000000,-8364.327145,0.000000
163519.133939,2294.638420,-7698.141797,2987.772442
163519.134258,2886.803174,-7179.997637,0.000000
163519.134578,2294.638420,-9474.636058,-689.485948
163519.134898,1184.329507,-10362.883188,-306.438199
163519.135217,444.123565,-9548.656652,-1072.533697
163519.135537,592.164754,-12657.521608,-383.047749
163519.135857,-3849.070898,-10732.986159,-3370.820191
163519.136176,-2516.700203,-11621.233289,459.657299
163519.136496,0.000000,-8364.327145,612.876398
163519.136816,2072.576638,-7179.997637,2451.505594
163519.137135,3478.967927,-7994.224174,2068.457845
163519.137455,-962.267725,-5181.441594,-2221.676944
163519.137775,2738.761985,-10362.883188,842.705048
163519.138094,666.185348,-9696.697840,1225.752797
163519.138414,740.205942,-12065.356855,1225.752797
163519.138734,-4219.173869,-10214.842000,-536.266849
163519.139053,-3775.050304,-11621.233289,1149.143247
163519.139373,-2590.720797,-7994.224174,-612.876398
163519.139693,0.000000,-7105.977043,-383.047749
163519.140012,-1776.494261,-5403.503377,0.000000
163519.140332,-2072.576638,-8808.450710,0.000000
163519.140652,1110.308913,-8290.306550,-2528.115143
163519.140971,-740.205942,-8142.265362,-383.047749
163519.141291,-1554.432478,-9474.636058,-2451.505594
163519.141611,-4885.359217,-9992.780217,-4290.134789
163519.141930,-370.102971,-15396.283594,-76.609550
163519.142250,1628.453072,-12361.439231,4060.306139
163519.142570,1184.329507,-9548.656652,3064.381992
163519.142889,-666.185348,-9178.553681,-383.047749
163519.143209,-1702.473667,-7698.141797,-2604.724693
163519.143529,0.000000,-7179.997637,-3677.258390
163519.143848,4663.297435,-10066.800811,-76.609550
163519.144168,2368.659014,-11917.315666,306.438199
163519.144488,-2960.823768,-11769.274478,0.000000
163519.144807,-3182.885551,-10214.842000,-766.095498
163519.145127,-1110.308913,-7920.203579,0.000000
163519.145447,296.082377,-5995.668130,-1838.629195
163519.145766,0.000000,-5477.523971,-1838.629195
163519.146086,3627.009116,-10066.800811,2451.505594
163519.146406,4737.318029,-10584.944971,2911.162892
163519.146725,0.000000,-9548.656652,0.000000
163519.147045,-1850.514855,-10658.965565,-1608.800546
163519.147365,-5107.421000,-10436.903782,-1608.800546
163519.147684,-2072.576638,-9030.512492,-536.266849
163519.148004,0.000000,-7031.956449,459.657299
163519.148324,1850.514855,-7550.100608,1149.143247
163519.148643,-1332.370696,-4885.359217,-2145.067394
163519.148963,1184.329507,-7772.162391,-2298.286494
163519.149283,0.000000,-8956.491898,-1225.752797
163519.149602,1184.329507,-13101.645173,-76.609550
163519.149922,-4737.318029,-9548.656652,-4290.134789
163519.150242,-2812.782580,-12139.377449,-76.609550
163519.150561,-962.267725,-10214.842000,536.266849
163519.150881,1184.329507,-7846.182985,1532.190996
163519.151201,3478.967927,-8290.306550,-76.609550
163519.151520,2294.638420,-8290.306550,-383.047749
163519.151840,3404.947333,-10658.965565,995.924147
163519.152160,1998.556043,-11843.295072,-76.609550
163519.152479,0.000000,-12509.480420,0.000000
163519.152799,-4737.318029,-10732.986159,0.000000
163519.153119,-3330.926739,-11917.315666,-689.485948
163519.153438,-740.205942,-9104.533087,919.314598
163519.153758,518.144159,-7179.997637,2221.676944
163519.154078,222.061783,-5773.606348,1072.533697
163519.154397,-74.020594,-8290.306550,-76.609550
163519.154717,0.000000,-7179.997637,612.876398
163519.155037,740.205942,-8660.409521,1685.410096
163519.155356,-74.020594,-10955.047942,2374.896044
163519.155676,-3627.009116,-11843.295072,-2528.115143
163519.155996,-4737.318029,-11029.068536,0.000000
163519.156315,-3330.926739,-8882.471304,-1072.533697
163519.156635,-888.247130,-8438.347739,612.876398
163519.156955,-1110.308913,-7179.997637,-1532.190996
163519.157274,74.020594,-7328.038826,-1149.143247
163519.157594,3108.864956,-8956.491898,229.828649
163519.157914,0.000000,-7772.162391,0.000000
163519.158233,-148.041188,-12139.377449,-612.876398
163519.158553,-2442.679609,-10658.965565,-3140.991542
163519.158873,-1258.350101,-12213.398043,383.047749
163519.159192,0.000000,-9548.656652,0.000000
163519.159512,2664.741391,-10436.903782,842.705048
163519.159832,296.082377,-8586.388927,383.047749
163519.160151,888.247130,-8956.491898,536.266849
163519.160471,2294.638420,-9178.553681,-1302.362347
163519.160791,1702.473667,-9178.553681,-306.438199
163519.161111,0.000000,-9474.636058,-1302.362347
163519.161430,-3256.906145,-7179.997637,-1838.629195
163519.161750,1406.391290,-10066.800811,-76.609550
163519.162070,592.164754,-10732.986159,2757.943793
163519.162389,0.000000,-9548.656652,0.000000
163519.162709,-1406.391290,-9104.533087,766.095498
163519.163029,666.185348,-9548.656652,2298.286494
163519.163348,962.267725,-7402.059420,459.657299
163519.163668,1110.308913,-8290.306550,1149.143247
163519.163988,-74.020594,-9474.636058,-76.609550
163519.164307,-1554.432478,-9326.594869,-1225.752797
163519.164627,0.000000,-10584.944971,919.314598
163519.164947,-1776.494261,-8364.327145,3064.381992
163519.165266,-4737.318029,-4811.338623,-4290.134789
163519.165586,-3034.844362,-5921.647536,-2451.505594
163519.165906,1332.370696,-8808.450710,-1455.581446
163519.166225,2368.659014,-9474.636058,1072.533697
163519.166545,4071.132681,-13027.624579,-76.609550
163519.166865,-2220.617826,-11325.150913,-995.924147
163519.167184,-3997.112087,-11621.233289,-1532.190996
163519.167504,-2886.803174,-9622.677246,-1225.752797
163519.167824,-74.020594,-10658.965565,-76.609550
163519.168143,-74.020594,-5403.503377,-3907.087040
163519.168463,1998.556043,-8290.306550,-76.609550
163519.168783,3552.988522,-8586.388927,1991.848295
163519.169102,962.267725,-7846.182985,536.266849
163519.169422,-1554.432478,-10732.986159,-1378.971896
163519.169742,-4737.318029,-10732.986159,-2145.067394
163519.170061,-3108.864956,-12509.480420,-2374.896044
163519.170381,-2294.638420,-10362.883188,-306.438199
163519.170701,-148.041188,-9474.636058,842.705048
163519.171020,-740.205942,-7994.224174,0.000000
163519.171340,-666.185348,-5921.647536,-919.314598
163519.171660,1702.473667,-6513.812290,-2374.896044
163519.171979,0.000000,-6291.750507,-1149.143247
163519.172299,296.082377,-8882.471304,-4290.134789
163519.172619,-1850.514855,-11843.295072,-1915.238745
163519.172938,0.000000,-12509.480420,919.314598
163519.173258,-592.164754,-9696.697840,-383.047749
163519.173578,518.144159,-10288.862594,306.438199
163519.173897,-1036.288319,-7698.141797,-1991.848295
163519.174217,592.164754,-8068.244768,-459.657299
163519.174537,2664.741391,-7179.997637,306.438199
163519.174856,5551.544565,-8882.471304,2374.896044
163519.175176,3478.967927,-10658.965565,-76.609550
163519.175496,-74.020594,-9030.512492,-383.047749
163519.175815,1702.473667,-13027.624579,-76.609550
163519.176135,-2368.659014,-9548.656652,-766.095498
163519.176455,-1480.411884,-9844.739029,-1072.533697
163519.176774,-3997.112087,-8512.368333,-2068.457845
163519.177094,0.000000,-10584.944971,0.000000
163519.177414,0.000000,-7179.997637,0.000000
163519.177733,1480.411884,-9548.656652,1378.971896
163519.178053,-1184.329507,-8364.327145,0.000000
163519.178373,-1258.350101,-11103.089130,-76.609550
163519.178692,-1554.432478,-9918.759623,-1149.143247
163519.179012,-74.020594,-11843.295072,2987.772442
163519.179332,-1036.288319,-9474.636058,459.657299
163519.179651,-1776.494261,-8882.471304,306.438199
163519.179971,370.102971,-10584.944971,1225.752797
163519.180291,-1776.494261,-8956.491898,0.000000
163519.180610,0.000000,-8364.327145,0.000000
163519.180930,-4737.318029,-6587.832884,-3064.381992
163519.181250,-2072.576638,-10140.821405,-766.095498
163519.181569,-1258.350101,-8882.471304,-1302.362347
163519.181889,222.061783,-8734.430116,-383.047749
163519.182209,1998.556043,-11177.109724,-76.609550
163519.182528,-888.247130,-11325.150913,1762.019645
163519.182848,962.267725,-10362.883188,3064.381992
163519.183168,-296.082377,-7624.121203,2221.676944
163519.183487,0.000000,-6291.750507,0.000000
163519.183807,1110.308913,-7105.977043,-1302.362347
163519.184127,1554.432478,-9252.574275,766.095498
163519.184446,296.082377,-9252.574275,2451.505594
163519.184766,-74.020594,-11843.295072,3600.648841
163519.185086,-2738.761985,-9178.553681,-2528.115143
163519.185405,-4589.276840,-9178.553681,-1225.752797
163519.185725,-962.267725,-8142.265362,-459.657299
163519.186045,1998.556043,-6291.750507,536.266849
163519.186364,3478.967927,-8882.471304,2374.896044
163519.186684,0.000000,-9548.656652,1532.190996
163519.187004,-592.164754,-11843.295072,-76.609550
163519.187323,-2442.679609,-13027.624579,-76.609550
163519.187643,-2738.761985,-9918.759623,-1455.581446
163519.187963,-2368.659014,-8364.327145,-3677.258390
163519.188282,2294.638420,-9474.636058,-76.609550
163519.188602,2516.700203,-7328.038826,383.047749
163519.188922,4071.132681,-8142.265362,1608.800546
163519.189241,2072.576638,-9104.533087,-766.095498
163519.189561,-2368.659014,-10140.821405,-1225.752797
163519.189881,-2368.659014,-11325.150913,-2451.505594
163519.190200,-2368.659014,-9844.739029,0.000000
163519.190520,2294.638420,-11843.295072,-76.609550
163519.190840,-888.247130,-7994.224174,-1072.533697
163519.191160,370.102971,-7179.997637,0.000000
163519.191479,3330.926739,-9474.636058,1762.019645
163519.191799,2442.679609,-8438.347739,1608.800546
163519.192119,-222.061783,-8438.347739,-1149.143247
163519.192438,-2442.679609,-10140.821405,-153.219100
163519.192758,-2368.659014,-8956.491898,0.000000
163519.193078,-370.102971,-8882.471304,-76.609550
163519.193397,0.000000,-8364.327145,0.000000
163519.193717,-2368.659014,-7328.038826,-2451.505594
163519.194037,-74.020594,-10658.965565,1762.019645
163519.194356,-1554.432478,-6217.729913,-3140.991542
163519.194676,888.247130,-9326.594869,536.266849
163519.194996,-2294.638420,-7402.059420,-2604.724693
163519.195315,-1776.494261,-10436.903782,-1149.143247
163519.195635,222.061783,-11843.295072,-76.609550
163519.195955,444.123565,-11843.295072,2374.896044
163519.196274,-666.185348,-8808.450710,-536.266849
163519.196594,-3478.967927,-7179.997637,-3140.991542
163519.196914,0.000000,-9548.656652,0.000000
163519.197233,592.164754,-7772.162391,-2451.505594
163519.197553,2294.638420,-9474.636058,-995.924147
163519.197873,-888.247130,-8956.491898,-2834.553343
163519.198192,-1776.494261,-11621.233289,-1915.238745
163519.198512,-1628.453072,-10732.986159,-1608.800546
163519.198832,1702.473667,-13027.624579,-76.609550
163519.199151,-296.082377,-10658.965565,-76.609550
163519.199471,0.000000,-10140.821405,1838.629195
163519.199791,3478.967927,-9474.636058,2374.896044
163519.200110,1776.494261,-5995.668130,1608.800546
163519.200430,0.000000,-5995.668130,0.000000
163519.200750,-2442.679609,-7994.224174,-2834.553343
163519.201069,-1554.432478,-11399.171507,-1072.533697
163519.201389,-1998.556043,-11029.068536,-612.876398
163519.201709,-888.247130,-10288.862594,0.000000
163519.202028,-1924.535449,-10066.800811,-1762.019645
163519.202348,-5921.647536,-7179.997637,-3064.381992
163519.202668,0.000000,-9326.594869,-459.657299
163519.202987,4071.132681,-10584.944971,3600.648841
163519.203307,3478.967927,-9326.594869,0.000000
163519.203627,-74.020594,-9474.636058,1149.143247
163519.203946,-444.123565,-8068.244768,306.438199
163519.204266,-148.041188,-8068.244768,0.000000
163519.204586,2294.638420,-9252.574275,229.828649
163519.204905,296.082377,-8512.368333,-383.047749
163519.205225,-148.041188,-11843.295072,995.924147
163519.205545,-74.020594,-10066.800811,-76.609550
163519.205865,370.102971,-10658.965565,-76.609550
163519.206184,-3552.988522,-6587.832884,-3370.820191
163519.206504,-222.061783,-10362.883188,-76.609550
163519.206824,0.000000,-8364.327145,0.000000
163519.207144,4219.173869,-10658.965565,3447.429741
163519.207463,2072.576638,-10436.903782,2604.724693
163519.207783,-2442.679609,-9030.512492,0.000000
163519.208103,-3404.947333,-8364.327145,0.000000
163519.208423,-74.020594,-7994.224174,842.705048
163519.208742,1924.535449,-9030.512492,1838.629195
163519.209062,-1258.350101,-8068.244768,-1072.533697
163519.209382,-1998.556043,-10658.965565,-612.876398
163519.209702,-518.144159,-11251.130318,-383.047749
163519.210021,-2442.679609,-11251.130318,-76.609550
163519.210341,-4219.173869,-8808.450710,-4903.011187
163519.210661,-4737.318029,-10140.821405,-3370.820191
163519.210981,-74.020594,-12287.418637,1225.752797
163519.211300,0.000000,-5995.668130,612.876398
163519.211620,2812.782580,-9474.636058,3600.648841
163519.211940,-1628.453072,-6587.832884,-76.609550
163519.212260,-740.205942,-8586.388927,-229.828649
163519.212579,-74.020594,-7698.141797,-1302.362347
163519.212899,962.267725,-9030.512492,-306.438199
163519.213219,-74.020594,-11251.130318,-1378.971896
163519.213539,-2442.679609,-10658.965565,-1838.629195
163519.213858,-74.020594,-11251.130318,-689.485948
163519.214178,0.000000,-9548.656652,2451.505594
163519.214498,0.000000,-8364.327145,0.000000
163519.214818,-2368.659014,-6439.791695,-766.095498
163519.215137,666.185348,-8068.244768,153.219100
163519.215457,2368.659014,-7179.997637,383.047749
163519.215777,5255.462188,-9474.636058,2221.676944
163519.216097,0.000000,-8068.244768,0.000000
163519.216416,-1924.535449,-11325.150913,612.876398
163519.216736,-74.020594,-11843.295072,-1302.362347
163519.217056,-1850.514855,-9252.574275,-1608.800546
163519.217376,-2368.659014,-8364.327145,-2145.067394
163519.217695,-2146.597232,-9474.636058,-1608.800546
163519.218015,814.226536,-11177.109724,536.266849
163519.218335,666.185348,-7624.121203,-229.828649
163519.218655,666.185348,-7772.162391,-2528.115143
163519.218974,-3034.844362,-7624.121203,-4979.620737
163519.219294,-1480.411884,-9548.656652,-3677.258390
163519.219614,0.000000,-10732.986159,1225.752797
163519.219934,4663.297435,-10658.965565,2987.772442
163519.220253,1110.308913,-9474.636058,1762.019645
163519.220573,-4145.153275,-7179.997637,0.000000
163519.220893,-148.041188,-8882.471304,-1378.971896
163519.221212,-370.102971,-8808.450710,-1838.629195
163519.221532,222.061783,-10732.986159,-1225.752797
163519.221852,-2442.679609,-10362.883188,-1915.238745
163519.222172,2294.638420,-13915.871710,2374.896044
163519.222491,-74.020594,-9474.636058,1149.143247
163519.222811,962.267725,-7105.977043,2298.286494
163519.223131,-1258.350101,-4959.379811,-1991.848295
163519.223451,296.082377,-10881.027347,3370.820191
163519.223770,0.000000,-8956.491898,919.314598
163519.224090,-74.020594,-8882.471304,2451.505594
163519.224410,-1776.494261,-8142.265362,-459.657299
163519.224730,-4737.318029,-7994.224174,-3830.477490
163519.225049,-370.102971,-11103.089130,-3064.381992
163519.225369,-1184.329507,-9326.594869,-306.438199
163519.225689,1702.473667,-11547.212695,3217.601092
163519.226009,-74.020594,-9474.636058,-76.609550
163519.226328,-2072.576638,-9548.656652,306.438199
163519.226648,-296.082377,-8512.368333,3064.381992
163519.226968,-370.102971,-6661.853478,-1149.143247
163519.227288,0.000000,-8512.368333,-2834.553343
163519.227607,-1110.308913,-10658.965565,-2374.896044
163519.227927,0.000000,-11917.315666,0.000000
163519.228247,-2368.659014,-9548.656652,0.000000
163519.228567,0.000000,-11399.171507,0.000000
163519.228886,-2664.741391,-9474.636058,-1378.971896
163519.229206,1702.473667,-10066.800811,-306.438199
163519.229526,3478.967927,-9474.636058,-76.609550
163519.229846,3552.988522,-9844.739029,1838.629195
163519.230165,444.123565,-9030.512492,-919.314598
163519.230485,-814.226536,-9622.677246,-995.924147
163519.230805,-370.102971,-10955.047942,-1455.581446
163519.231125,-3108.864956,-8364.327145,-2451.505594
163519.231444,-74.020594,-12435.459826,-76.609550
163519.231764,-1258.350101,-9326.594869,842.705048
163519.232084,888.247130,-7846.182985,612.876398
163519.232404,0.000000,-5995.668130,1225.752797
163519.232723,3330.926739,-8290.306550,-76.609550
163519.233043,-2812.782580,-7476.080014,-3677.258390
163519.233363,-1036.288319,-11843.295072,-2068.457845
163519.233683,-148.041188,-11473.192101,-842.705048
163519.234002,-74.020594,-12805.562797,2757.943793
163519.234322,-666.185348,-8734.430116,229.828649
163519.234642,-1702.473667,-9474.636058,-76.609550
163519.234962,888.247130,-7105.977043,-76.609550
163519.235281,1702.473667,-5329.482782,-1915.238745
163519.235601,888.247130,-7179.997637,-1072.533697
163519.235921,-74.020594,-11843.295072,-383.047749
163519.236241,888.247130,-12139.377449,0.000000
163519.236560,-148.041188,-10732.986159,-76.609550
163519.236880,74.020594,-11547.212695,766.095498
163519.237200,-3552.988522,-8364.327145,0.000000
163519.237520,-2368.659014,-8364.327145,0.000000
163519.237839,1850.514855,-8660.409521,0.000000
163519.238159,1184.329507,-8364.327145,2451.505594
163519.238479,2294.638420,-10066.800811,1149.143247
163519.238798,-666.185348,-9474.636058,-1915.238745
163519.239118,666.185348,-13027.624579,842.705048
163519.239438,-2368.659014,-9178.553681,-1072.533697
163519.239758,-1036.288319,-10510.924376,689.485948
163519.240077,-2886.803174,-8216.285956,-1378.971896
163519.240397,-2368.659014,-7772.162391,612.876398
163519.240717,148.041188,-5995.668130,-689.485948
163519.241037,0.000000,-7179.997637,0.000000
163519.241356,-666.185348,-9474.636058,-1915.238745
163519.241676,-4145.153275,-8660.409521,-4060.306139
163519.241996,0.000000,-13619.789333,-76.609550
163519.242316,-1628.453072,-9918.759623,0.000000
163519.242635,1036.288319,-10510.924376,1072.533697
163519.242955,-1480.411884,-9252.574275,-689.485948
163519.243275,0.000000,-7476.080014,0.000000
163519.243595,1628.453072,-6735.874072,612.876398
163519.243914,2664.741391,-8956.491898,2374.896044
163519.244234,1110.308913,-7920.203579,-1225.752797
163519.244554,-74.020594,-9474.636058,-1915.238745
163519.244874,1184.329507,-10140.821405,-919.314598
163519.245193,-1480.411884,-10140.821405,0.000000
163519.245513,592.164754,-12805.562797,766.095498
163519.245833,-2442.679609,-9252.574275,383.047749
163519.246153,370.102971,-9030.512492,2298.286494
163519.246472,-74.020594,-4737.318029,-76.609550
163519.246792,2072.576638,-6069.688724,1225.752797
163519.247112,370.102971,-5995.668130,-1378.971896
163519.247432,1776.494261,-11177.109724,0.000000
163519.247751,740.205942,-12509.480420,1149.143247
163519.248071,-2368.659014,-13101.645173,2757.943793
163519.248391,-3552.988522,-10732.986159,0.000000
163519.248711,-3627.009116,-9474.636058,-1915.238745
163519.249030,-962.267725,-8364.327145,-995.924147
163519.249350,296.082377,-7179.997637,-1838.629195
163519.249670,5847.626942,-9474.636058,2374.896044
163519.249990,-740.205942,-7476.080014,0.000000
163519.250309,0.000000,-11103.089130,-306.438199
163519.250629,-2368.659014,-10807.006753,-2451.505594
163519.250949,-2072.576638,-12213.398043,-1225.752797
163519.251269,-1110.308913,-10807.006753,-842.705048
163519.251588,-3256.906145,-7179.997637,0.000000
163519.251908,1184.329507,-8364.327145,306.438199
163519.252228,1776.494261,-7179.997637,919.314598
163519.252548,2294.638420,-6513.812290,-3294.210641
163519.252867,-74.020594,-11177.109724,-1915.238745
163519.253187,0.000000,-12805.562797,-766.095498
163519.253507,-1628.453072,-12065.356855,76.609550
163519.253827,-296.082377,-11325.150913,1455.581446
163519.254146,-2146.597232,-8882.471304,-76.609550
163519.254466,-2368.659014,-7179.997637,0.000000
163519.254786,0.000000,-3627.009116,-2451.505594
163519.255106,0.000000,-5995.668130,1532.190996
163519.255425,1036.288319,-7476.080014,-612.876398
163519.255745,-2738.761985,-8808.450710,-3753.867940
163519.256065,-1480.411884,-12583.501014,-1225.752797
163519.256384,-2146.597232,-10658.965565,-1608.800546
163519.256704,0.000000,-12435.459826,0.000000
163519.257024,-2442.679609,-9474.636058,-689.485948
163519.257344,-1110.308913,-11251.130318,2068.457845
163519.257663,-888.247130,-7772.162391,612.876398
163519.257983,3775.050304,-9474.636058,995.924147
163519.258303,2294.638420,-8290.306550,-1302.362347
163519.258623,0.000000,-8660.409521,-2451.505594
163519.258942,1110.308913,-10362.883188,-2068.457845
163519.259262,592.164754,-10881.027347,-689.485948
163519.259582,518.144159,-12361.439231,-612.876398
163519.259902,-2368.659014,-9918.759623,-1149.143247
163519.260221,2146.597232,-11103.089130,2145.067394
163519.260541,518.144159,-7328.038826,383.047749
163519.260861,1776.494261,-7179.997637,612.876398
163519.261181,518.144159,-7624.121203,-919.314598
163519.261500,1702.473667,-10658.965565,-76.609550
163519.261820,0.000000,-9548.656652,-2451.505594
163519.262140,1406.391290,-12287.418637,1762.019645
163519.262460,-1258.350101,-9918.759623,459.657299
163519.262779,-4367.215058,-8364.327145,-766.095498
163519.263099,-1628.453072,-7624.121203,0.000000
163519.263419,-592.164754,-7254.018232,-76.609550
163519.263739,1998.556043,-7254.018232,536.266849
163519.264058,-1036.288319,-7105.977043,-1608.800546
163519.264378,-2442.679609,-10288.862594,-1838.629195
163519.264698,-2072.576638,-10732.986159,-306.438199
163519.265018,-3997.112087,-9548.656652,-1838.629195
163519.265337,-2516.700203,-10510.924376,-919.314598
163519.265657,-3404.947333,-9622.677246,-1072.533697
163519.265977,-222.061783,-8660.409521,689.485948
163519.266297,1998.556043,-6513.812290,1762.019645
163519.266616,4663.297435,-8290.306550,1762.019645
163519.266936,-74.020594,-9474.636058,-76.609550
163519.267256,2294.638420,-11843.295072,-153.219100
163519.267576,-1258.350101,-9844.739029,-842.705048
163519.267895,0.000000,-10732.986159,2451.505594
163519.268215,-2886.803174,-9696.697840,-1838.629195
163519.268535,-1184.329507,-11103.089130,-76.609550
163519.268855,592.164754,-8216.285956,1149.143247
163519.269174,1406.391290,-6957.935855,2374.896044
163519.269494,4071.132681,-8882.471304,-76.609550
163519.269814,-2368.659014,-7179.997637,-1225.752797
163519.270134,1554.432478,-11843.295072,995.924147
163519.270453,814.226536,-11103.089130,2374.896044
163519.270773,1702.473667,-11843.295072,383.047749
163519.271093,-4737.318029,-9548.656652,0.000000
163519.271413,-2960.823768,-9992.780217,-383.047749
163519.271732,-2368.659014,-6883.915261,-1072.533697
163519.272052,-148.041188,-7179.997637,-536.266849
163519.272372,444.123565,-5995.668130,-3064.381992
163519.272691,-518.144159,-7772.162391,-1915.238745
163519.273011,0.000000,-10140.821405,0.000000
163519.273331,-74.020594,-11251.130318,-306.438199
163519.273651,2294.638420,-14211.954086,-689.485948
163519.273970,-2442.679609,-11843.295072,-689.485948
163519.274290,-2960.823768,-9548.656652,0.000000
163519.274610,-222.061783,-7550.100608,76.609550
163519.274930,3182.885551,-7105.977043,1149.143247
163519.275249,1258.350101,-5107.421000,-2374.896044
163519.275569,814.226536,-8290.306550,-1915.238745
163519.275889,2294.638420,-10658.965565,-1455.581446
163519.276209,1628.453072,-11843.295072,-76.609550
163519.276528,0.000000,-10584.944971,-1532.190996
163519.276848,-4145.153275,-10140.821405,0.000000
163519.277168,-444.123565,-11325.150913,2834.553343
163519.277488,-1776.494261,-4959.379811,0.000000
163519.277807,2664.741391,-6883.915261,1149.143247
163519.278127,-296.082377,-5625.565159,-1302.362347
163519.278447,222.061783,-10288.862594,-229.828649
163519.278767,1110.308913,-9474.636058,-76.609550
163519.279086,-74.020594,-13101.645173,2374.896044
163519.279406,-1258.350101,-11547.212695,-2528.115143
163519.279726,-5921.647536,-9548.656652,-2834.553343
163519.280046,-3552.988522,-8364.327145,0.000000
163519.280365,-3256.906145,-4811.338623,0.000000
163519.280685,1702.473667,-7105.977043,536.266849
163519.281005,-2072.576638,-7105.977043,-2145.067394
163519.281325,1850.514855,-9844.739029,-306.438199
163519.281644,2886.803174,-11843.295072,-76.609550
163519.281964,1554.432478,-11843.295072,995.924147
163519.282284,-3552.988522,-10732.986159,-2451.505594
163519.282604,-3256.906145,-11325.150913,-2451.505594
163519.282923,-592.164754,-9252.574275,306.438199
163519.283243,-74.020594,-6217.729913,-1608.800546
163519.283563,2886.803174,-7698.141797,-76.609550
163519.283883,-888.247130,-6883.915261,-995.924147
163519.284202,2294.638420,-9400.615463,0.000000
163519.284522,1480.411884,-9252.574275,-689.485948
163519.284842,1184.329507,-13101.645173,2451.505594
163519.285162,-3627.009116,-10881.027347,-2528.115143
163519.285481,-3627.009116,-12805.562797,-153.219100
163519.285801,-2886.803174,-7994.224174,-766.095498
163519.286121,-1258.350101,-7476.080014,0.000000
163519.286441,222.061783,-5477.523971,-1838.629195
163519.286760,-74.020594,-7105.977043,-689.485948
163519.287080,1924.535449,-7920.203579,689.485948
163519.287400,370.102971,-7476.080014,-1838.629195
163519.287720,1110.308913,-12731.542202,-76.609550
163519.288039,-4737.318029,-10288.862594,-1838.629195
163519.288359,-2368.659014,-10732.986159,-766.095498
163519.288679,-1480.411884,-9252.574275,-1149.143247
163519.288999,1776.494261,-9104.533087,1455.581446
163519.289318,-370.102971,-5773.606348,-1532.190996
163519.289638,-814.226536,-7179.997637,-1225.752797
163519.289958,2886.803174,-10658.965565,-536.266849
163519.290277,3182.885551,-13027.624579,2068.457845
163519.290597,1702.473667,-11843.295072,-689.485948
163519.290917,-962.267725,-13915.871710,2374.896044
163519.291237,-1184.329507,-9992.780217,306.438199
163519.291556,-1406.391290,-7105.977043,-76.609550
163519.291876,1184.329507,-7254.018232,766.095498
163519.292196,-592.164754,-5995.668130,-1915.238745
163519.292516,0.000000,-8660.409521,0.000000
163519.292835,1554.432478,-9252.574275,306.438199
163519.293155,592.164754,-10732.986159,1838.629195
163519.293475,-74.020594,-12435.459826,-383.047749
163519.293795,-4811.338623,-11251.130318,-1915.238745
163519.294114,-1332.370696,-14063.912898,2374.896044
163519.294434,-2738.761985,-7328.038826,153.219100
163519.294754,74.020594,-7476.080014,306.438199
163519.295074,-1998.556043,-6809.894666,-689.485948
163519.295393,0.000000,-7476.080014,0.000000
163519.295713,-2368.659014,-5995.668130,-2451.505594
163519.296033,-1776.494261,-8364.327145,0.000000
163519.296353,-2960.823768,-9844.739029,-3064.381992
163519.296672,-2442.679609,-11843.295072,-76.609550
163519.296992,-74.020594,-9474.636058,-689.485948
163519.297312,1480.411884,-8734.430116,1838.629195
163519.297632,1776.494261,-7476.080014,0.000000
163519.297951,0.000000,-7105.977043,-919.314598
163519.298271,2516.700203,-10288.862594,1225.752797
163519.298591,0.000000,-7476.080014,0.000000
163519.298911,2886.803174,-12731.542202,1762.019645
163519.299230,-3034.844362,-9844.739029,-2528.115143
163519.299550,-3256.906145,-10140.821405,-3677.258390
163519.299870,-888.247130,-9548.656652,-306.438199
163519.300190,2294.638420,-9178.553681,-76.609550
163519.300509,296.082377,-7031.956449,0.000000
163519.300829,-888.247130,-7772.162391,76.609550
163519.301149,2220.617826,-9104.533087,536.266849
163519.301469,444.123565,-9326.594869,1608.800546
163519.301788,1184.329507,-11473.192101,0.000000
163519.302108,-2442.679609,-11103.089130,-1302.362347
163519.302428,-2294.638420,-12435.459826,-76.609550
163519.302748,-4737.318029,-7772.162391,-2145.067394
163519.303067,-370.102971,-9548.656652,-919.314598
163519.303387,-74.020594,-8882.471304,-2528.115143
163519.303707,-1110.308913,-8586.388927,-306.438199
163519.304027,1702.473667,-9104.533087,-1378.971896
163519.304346,814.226536,-9918.759623,0.000000
163519.304666,888.247130,-10732.986159,0.000000
163519.304986,-2960.823768,-10732.986159,-1225.752797
163519.305306,0.000000,-11325.150913,1225.752797
163519.305626,-370.102971,-8882.471304,-689.485948
163519.305945,-1480.411884,-8734.430116,306.438199
163519.306265,-1258.350101,-5921.647536,-3140.991542
163519.306585,2886.803174,-10362.883188,2374.896044
163519.306905,2664.741391,-7994.224174,1455.581446
163519.307224,1036.288319,-7994.224174,1532.190996
163519.307544,-888.247130,-9474.636058,-76.609550
163519.307864,-4737.318029,-8364.327145,-3524.039291
163519.308184,-1184.329507,-10288.862594,766.095498
163519.308504,-74.020594,-9474.636058,1149.143247
163519.308823,74.020594,-8956.491898,689.485948
163519.309143,-2368.659014,-7179.997637,-2374.896044
163519.309463,2294.638420,-10658.965565,1149.143247
163519.309783,-296.082377,-7920.203579,689.485948
163519.310102,222.061783,-8660.409521,842.705048
163519.310422,-1480.411884,-7846.182985,-1991.848295
163519.310742,-1258.350101,-11177.109724,-76.609550
163519.311062,222.061783,-11325.150913,229.828649
163519.311382,-222.061783,-10510.924376,-76.609550
163519.311701,-1332.370696,-9548.656652,-2451.505594
163519.312021,-4737.318029,-9548.656652,-919.314598
163519.312341,-1184.329507,-8956.491898,-2451.505594
163519.312661,-74.020594,-8290.306550,-1915.238745
163519.312980,3034.844362,-10362.883188,229.828649
163519.313300,1332.370696,-9622.677246,-612.876398
163519.313620,592.164754,-12361.439231,842.705048
163519.313940,-296.082377,-11991.336260,1838.629195
163519.314260,-2220.617826,-10362.883188,383.047749
163519.314579,-888.247130,-9548.656652,612.876398
163519.314899,-666.185348,-8290.306550,-76.609550
163519.315219,2368.659014,-7179.997637,842.705048
163519.315539,666.185348,-4811.338623,0.000000
163519.315858,4515.256246,-10214.842000,1762.019645
163519.316178,-2072.576638,-8882.471304,-1225.752797
163519.316498,-2442.679609,-11991.336260,-229.828649
163519.316818,-3701.029710,-9622.677246,-1915.238745
163519.317138,-2368.659014,-9548.656652,306.438199
163519.317457,-4293.194464,-5995.668130,-2451.505594
163519.317777,0.000000,-7179.997637,1225.752797
163519.318097,3552.988522,-7402.059420,0.000000
163519.318417,2368.659014,-7772.162391,842.705048
163519.318736,3478.967927,-10658.965565,-76.609550
163519.319056,-3923.091493,-9326.594869,-3064.381992
163519.319376,-1850.514855,-11843.295072,-1532.190996
163519.319696,-2590.720797,-10140.821405,-1762.019645
163519.320016,0.000000,-9844.739029,612.876398
163519.320335,-1110.308913,-8512.368333,-1378.971896
163519.320655,1702.473667,-10658.965565,-76.609550
163519.320975,962.267725,-8882.471304,-689.485948
163519.321295,0.000000,-9548.656652,1225.752797
163519.321615,4071.132681,-13027.624579,2374.896044
163519.321934,-1480.411884,-8734.430116,-1762.019645
163519.322254,0.000000,-9548.656652,0.000000
163519.322574,-1406.391290,-7328.038826,-1072.533697
163519.322894,370.102971,-10214.842000,-306.438199
163519.323213,-4145.153275,-5995.668130,-3677.258390
163519.323533,296.082377,-10807.006753,1455.581446
163519.323853,-740.205942,-7846.182985,76.609550
163519.324173,-222.061783,-9252.574275,229.828649
163519.324493,-296.082377,-9326.594869,-2068.457845
163519.324812,-74.020594,-11251.130318,-1455.581446
163519.325132,-74.020594,-12731.542202,2374.896044
163519.325452,-2442.679609,-9178.553681,-76.609550
163519.325772,-1702.473667,-8882.471304,-1302.362347
163519.326091,-3552.988522,-7179.997637,-1072.533697
163519.326411,-2368.659014,-7179.997637,0.000000
163519.326731,1110.308913,-7846.182985,995.924147
163519.327051,2812.782580,-8808.450710,1915.238745
163519.327371,-888.247130,-7772.162391,-1608.800546
163519.327690,-2442.679609,-10066.800811,-1302.362347
163519.328010,-1628.453072,-9252.574275,-1608.800546
163519.328330,518.144159,-10658.965565,-153.219100
163519.328650,2294.638420,-13027.624579,-76.609550
163519.328969,-370.102971,-10214.842000,-229.828649
163519.329289,2368.659014,-10732.986159,3677.258390
163519.329609,0.000000,-7476.080014,612.876398
163519.329929,2960.823768,-10140.821405,1149.143247
163519.330249,-1184.329507,-7994.224174,-1532.190996
163519.330568,-148.041188,-10436.903782,0.000000
163519.330888,222.061783,-7105.977043,-2068.457845
163519.331208,148.041188,-8956.491898,1225.752797
163519.331528,592.164754,-10140.821405,919.314598
163519.331847,-370.102971,-10658.965565,-689.485948
163519.332167,814.226536,-10658.965565,1149.143247
163519.332487,0.000000,-9548.656652,3064.381992
163519.332807,1110.308913,-9770.718434,919.314598
163519.333127,-3034.844362,-8586.388927,-1915.238745
163519.333446,-666.185348,-9992.780217,-459.657299
163519.333766,-2442.679609,-6291.750507,-2757.943793
163519.334086,-222.061783,-8734.430116,-76.609550
163519.334406,-1850.514855,-9474.636058,-3753.867940
163519.334725,-4145.153275,-10140.821405,-1072.533697
163519.335045,-888.247130,-8660.409521,0.000000
163519.335365,2294.638420,-9474.636058,2374.896044
163519.335685,592.164754,-7772.162391,0.000000
163519.336005,-962.267725,-7920.203579,-1685.410096
163519.336324,1036.288319,-10658.965565,459.657299
163519.336644,-740.205942,-9474.636058,-383.047749
163519.336964,-74.020594,-11251.130318,-76.609550
163519.337284,-2442.679609,-9474.636058,-689.485948
163519.337604,-2294.638420,-8512.368333,-1225.752797
163519.337923,1480.411884,-6217.729913,-1302.362347
163519.338243,1480.411884,-6883.915261,1225.752797
163519.338563,3997.112087,-9474.636058,2374.896044
163519.338883,-2368.659014,-8364.327145,0.000000
163519.339202,-740.205942,-10436.903782,-689.485948
163519.339522,-1776.494261,-10066.800811,-766.095498
163519.339842,148.041188,-10881.027347,0.000000
163519.340162,-4071.132681,-8956.491898,-2451.505594
163519.340482,148.041188,-11325.150913,1915.238745
163519.340801,-74.020594,-10066.800811,2374.896044
163519.341121,2294.638420,-8882.471304,1149.143247
163519.341441,-2590.720797,-7105.977043,-3140.991542
163519.341761,-370.102971,-11843.295072,-76.609550
163519.342080,-518.144159,-9918.759623,-1838.629195
163519.342400,0.000000,-10658.965565,536.266849
163519.342720,-296.082377,-10214.842000,-1532.190996
163519.343040,-5921.647536,-7179.997637,-3677.258390
163519.343360,0.000000,-7772.162391,-1225.752797
163519.343679,0.000000,-4811.338623,-3064.381992
163519.343999,2960.823768,-8364.327145,919.314598
163519.344319,-74.020594,-7698.141797,-1685.410096
163519.344639,2294.638420,-11843.295072,-76.609550
163519.344958,222.061783,-8956.491898,-1608.800546
163519.345278,962.267725,-11473.192101,0.000000
163519.345598,296.082377,-9548.656652,-2681.334243
163519.345918,-2368.659014,-8438.347739,-2451.505594
163519.346238,-1776.494261,-8068.244768,-2221.676944
163519.346557,2294.638420,-8290.306550,-383.047749
163519.346877,1702.473667,-8586.388927,-919.314598
163519.347197,-1184.329507,-4811.338623,-4290.134789
163519.347517,-2368.659014,-5995.668130,-3064.381992
163519.347836,-74.020594,-9474.636058,-2528.115143
163519.348156,0.000000,-7772.162391,-3677.258390
163519.348476,-888.247130,-11251.130318,-4060.306139
163519.348796,-2368.659014,-7772.162391,-6128.763984
163519.349116,-1480.411884,-11325.150913,-2451.505594
163519.349435,-1776.494261,-9844.739029,-4290.134789
163519.349755,-74.020594,-11251.130318,-4979.620737
163519.350075,-666.185348,-11547.212695,-3753.867940
163519.350395,0.000000,-6587.832884,-6741.640382
163519.350715,-1332.370696,-7994.224174,-6971.469032
163519.351034,-74.020594,-9474.636058,-5286.058936
163519.351354,-592.164754,-8734.430116,-7431.126331
163519.351674,592.164754,-11177.109724,-5286.058936
163519.351994,888.247130,-9548.656652,-7124.688131
163519.352313,-1776.494261,-11917.315666,-4903.011187
163519.352633,-2368.659014,-10140.821405,-6128.763984
163519.352953,-4737.318029,-9548.656652,-6741.640382
163519.353273,-592.164754,-10732.986159,-3370.820191
163519.353593,2294.638420,-6513.812290,-4903.011187
163519.353912,2294.638420,-5921.647536,-6205.373534
163519.354232,888.247130,-6735.874072,-4903.011187
163519.354552,592.164754,-7031.956449,-5975.544884
163519.354872,-592.164754,-9474.636058,-4903.011187
163519.355191,296.082377,-9622.677246,-4979.620737
163519.355511,0.000000,-9844.739029,-6435.202183
163519.355831,-2442.679609,-8438.347739,-6818.249932
163519.356151,-2368.659014,-8364.327145,-4903.011187
163519.356471,-1184.329507,-10584.944971,-3677.258390
163519.356790,148.041188,-9770.718434,-3753.867940
163519.357110,1554.432478,-11251.130318,-1685.410096
163519.357430,1332.370696,-7328.038826,-3524.039291
163519.357750,2294.638420,-5995.668130,-3753.867940
163519.358069,296.082377,-7550.100608,-3447.429741
163519.358389,-2960.823768,-5403.503377,-4903.011187
163519.358709,-1184.329507,-9400.615463,-5898.935335
163519.359029,-74.020594,-11547.212695,-4979.620737
163519.359349,-222.061783,-10955.047942,-4979.620737
163519.359668,0.000000,-11325.150913,-4596.572988
163519.359988,592.164754,-12657.521608,-153.219100
163519.360308,-1776.494261,-9548.656652,-3677.258390
163519.360628,-2220.617826,-10436.903782,-3140.991542
163519.360947,-592.164754,-8956.491898,-2604.724693
163519.361267,1332.370696,-7476.080014,-689.485948
163519.361587,5847.626942,-4737.318029,-689.485948
163519.361907,3997.112087,-6587.832884,0.000000
163519.362227,2220.617826,-7920.203579,-1838.629195
163519.362546,-666.185348,-9104.533087,-3907.087040
163519.362866,-2442.679609,-12435.459826,-3140.991542
163519.363186,-4737.318029,-14285.974681,-5362.668486
163519.363506,-4737.318029,-13101.645173,-3064.381992
163519.363825,-962.267725,-12361.439231,-689.485948
163519.364145,222.061783,-10658.965565,-76.609550
163519.364465,0.000000,-7179.997637,-2451.505594
163519.364785,2294.638420,-7105.977043,1762.019645
163519.365105,592.164754,-4811.338623,306.438199
163519.365424,-2590.720797,-7105.977043,-2451.505594
163519.365744,-4293.194464,-9696.697840,-3830.477490
163519.366064,-3552.988522,-10362.883188,-1532.190996
163519.366384,-74.020594,-9474.636058,-1302.362347
163519.366704,0.000000,-7179.997637,-2834.553343
163519.367023,-3552.988522,-7772.162391,-3677.258390
163519.367343,0.000000,-9844.739029,-1225.752797
163519.367663,0.000000,-7179.997637,-3677.258390
163519.367983,1110.308913,-9474.636058,-1762.019645
163519.368302,-1554.432478,-10288.862594,-2757.943793
163519.368622,-1998.556043,-10436.903782,-1838.629195
163519.368942,-444.123565,-10362.883188,-306.438199
163519.369262,1998.556043,-9474.636058,1762.019645
163519.369582,222.061783,-7179.997637,0.000000
163519.369901,1184.329507,-5995.668130,612.876398
163519.370221,5255.462188,-7994.224174,536.266849
163519.370541,4071.132681,-7846.182985,-76.609550
163519.370861,0.000000,-5995.668130,-3677.258390
163519.371180,-1998.556043,-10066.800811,-4443.353888
163519.371500,-4515.256246,-11103.089130,-7354.516781
163519.371820,-6735.874072,-12657.521608,-7201.297681
163519.372140,-4811.338623,-14211.954086,-3753.867940
163519.372460,-666.185348,-13027.624579,-229.828649
163519.372779,2146.597232,-10658.965565,2068.457845
163519.373099,3775.050304,-5329.482782,536.266849
163519.373419,3775.050304,-2664.741391,-76.609550
163519.373739,2960.823768,-3627.009116,0.000000
163519.374058,3108.864956,-5033.400406,-2451.505594
163519.374378,3034.844362,-8586.388927,-3217.601092
163519.374698,-370.102971,-10658.965565,-6128.763984
163519.375018,-4589.276840,-13027.624579,-9422.974625
163519.375338,-6291.750507,-16284.530724,-10035.851024
163519.375657,-7994.224174,-14878.139434,-8580.269578
163519.375977,-3997.112087,-13767.830521,-5745.716235
163519.376297,-74.020594,-12657.521608,-842.705048
163519.376617,2886.803174,-8290.306550,-76.609550
163519.376936,2960.823768,-3627.009116,3064.381992
163519.377256,7179.997637,-2812.782580,4519.963438
163519.377576,7105.977043,-1184.329507,2911.162892
163519.377896,3923.091493,-1702.473667,-1685.410096
163519.378216,296.082377,-2738.761985,-7660.954980
163519.378535,-2442.679609,-9844.739029,-10189.070123
163519.378855,-6513.812290,-16062.468941,-11338.213370
163519.379175,-9474.636058,-19023.292709,-11951.089769
163519.379495,-8586.388927,-20503.704593,-9499.584175
163519.379814,-7550.100608,-16950.716072,-7048.078582
163519.380134,-7105.977043,-9548.656652,-6435.202183
163519.380454,0.000000,-4737.318029,-1991.848295
163519.380774,5699.585753,-296.082377,1762.019645
163519.381094,9918.759623,1480.411884,2068.457845
163519.381413,10584.944971,592.164754,-76.609550
163519.381733,7031.956449,-4737.318029,-76.609550
163519.382053,2294.638420,-12435.459826,-4979.620737
163519.382373,-3627.009116,-16580.613101,-7890.783629
163519.382693,-7402.059420,-19023.292709,-8656.879127
163519.383012,-7105.977043,-19023.292709,-5515.887586
163519.383332,-6809.894666,-11917.315666,-7354.516781
163519.383652,-2886.803174,-9104.533087,-4826.401637
163519.383972,1850.514855,-4515.256246,-2834.553343
163519.384291,3701.029710,-1702.473667,-1915.238745
163519.384611,4663.297435,-2960.823768,-2221.676944
163519.384931,2960.823768,-2442.679609,-3983.696590
163519.385251,3997.112087,-6365.771101,-3753.867940
163519.385571,2368.659014,-8586.388927,-4979.620737
163519.385890,0.000000,-11917.315666,-4290.134789
163519.386210,0.000000,-13693.809927,-3677.258390
163519.386530,-74.020594,-16210.510130,-76.609550
163519.386850,-2368.659014,-12731.542202,-1225.752797
163519.387169,-3775.050304,-10881.027347,-1838.629195
163519.387489,-3775.050304,-7994.224174,-2834.553343
163519.387809,-3256.906145,-4737.318029,-3753.867940
163519.388129,-3330.926739,-3108.864956,-6741.640382
163519.388449,-3552.988522,-4219.173869,-8656.879127
163519.388768,-4737.318029,-7772.162391,-6588.421283
163519.389088,-2368.659014,-10732.986159,-2451.505594
163519.389408,-4145.153275,-11325.150913,-2987.772442
163519.389728,-1776.494261,-13989.892304,229.828649
163519.390047,-1184.329507,-13101.645173,1608.800546
163519.390367,-1332.370696,-11695.253884,2834.553343
163519.390687,-666.185348,-10658.965565,3600.648841
163519.391007,-2442.679609,-10066.800811,2987.772442
163519.391327,-4811.338623,-9474.636058,-76.609550
163519.391646,-5995.668130,-7550.100608,-1608.800546
163519.391966,-8808.450710,-6143.709319,-3677.258390
163519.392286,-8290.306550,-4811.338623,-2451.505594
163519.392606,-6143.709319,-6587.832884,-2298.286494
163519.392925,-3404.947333,-7476.080014,76.609550
163519.393245,-3997.112087,-9622.677246,1378.971896
163519.393565,-4959.379811,-10140.821405,1915.238745
163519.393885,-2442.679609,-13619.789333,2987.772442
163519.394205,-6809.894666,-12213.398043,5209.449386
163519.394524,-6143.709319,-10658.965565,2681.334243
163519.394844,-5625.565159,-8142.265362,3600.648841
163519.395164,-3627.009116,-7105.977043,2681.334243
163519.395484,-6587.832884,-4441.235652,229.828649
163519.395804,-7476.080014,-7698.141797,919.314598
163519.396123,-7772.162391,-9474.636058,-1915.238745
163519.396443,-10214.842000,-10955.047942,-1685.410096
163519.396763,-7179.997637,-11843.295072,-76.609550
163519.397083,-5033.400406,-9474.636058,383.047749
163519.397402,-2960.823768,-6661.853478,689.485948
163519.397722,-1184.329507,-5625.565159,-76.609550
163519.398042,-2886.803174,-6291.750507,0.000000
163519.398362,-1258.350101,-8882.471304,-76.609550
163519.398682,-370.102971,-12435.459826,1762.019645
163519.399001,-3108.864956,-13545.768739,536.266849
163519.399321,-6587.832884,-15322.262999,842.705048
163519.399641,-9400.615463,-13471.748144,536.266849
163519.399961,-9474.636058,-9548.656652,2451.505594
163519.400280,-5107.421000,-7105.977043,536.266849
163519.400600,-1554.432478,-3478.967927,306.438199
163519.400920,888.247130,-2442.679609,-76.609550
163519.401240,2886.803174,-3923.091493,0.000000
163519.401560,4071.132681,-9474.636058,1455.581446
163519.401879,3478.967927,-11695.253884,2374.896044
163519.402199,-3552.988522,-8512.368333,-1685.410096
163519.402519,-5329.482782,-8956.491898,-4903.011187
163519.402839,-3034.844362,-11547.212695,-1302.362347
163519.403158,-4737.318029,-10140.821405,0.000000
163519.403478,-666.185348,-12361.439231,689.485948
163519.403798,-2368.659014,-10658.965565,153.219100
163519.404118,-5403.503377,-10584.944971,-1149.143247
163519.404438,-5107.421000,-9474.636058,-2604.724693
163519.404757,-3182.885551,-5329.482782,-3677.258390
163519.405077,2146.597232,-5847.626942,-689.485948
163519.405397,4663.297435,-8290.306550,-76.609550
163519.405717,3849.070898,-6735.874072,1838.629195
163519.406036,4441.235652,-9400.615463,4749.792088
163519.406356,0.000000,-7772.162391,-1532.190996
163519.406676,-4959.379811,-12139.377449,-5362.668486
163519.406995,-8216.285956,-14285.974681,-7048.078582
163519.407315,-8068.244768,-15248.242405,-5669.106685
163519.407635,-7179.997637,-13101.645173,-3983.696590
163519.407955,-5625.565159,-11473.192101,919.314598
163519.408274,-2442.679609,-7994.224174,842.705048
163519.408594,0.000000,-2442.679609,766.095498
163519.408914,296.082377,-3627.009116,459.657299
163519.409233,0.000000,-7994.224174,6052.154434
163519.409553,962.267725,-5329.482782,2987.772442
163519.409873,-74.020594,-6513.812290,536.266849
163519.410192,-2738.761985,-10066.800811,-2681.334243
163519.410512,-6809.894666,-11917.315666,-4903.011187
163519.410832,-9474.636058,-11917.315666,-4903.011187
163519.411151,-11843.295072,-11917.315666,-6588.421283
163519.411471,-11103.089130,-14285.974681,-4596.572988
163519.411791,-10732.986159,-13101.645173,-3677.258390
163519.412111,-9548.656652,-9474.636058,-76.609550
163519.412430,-2368.659014,-7402.059420,4826.401637
163519.412750,0.000000,-2442.679609,4443.353888
163519.413070,2442.679609,-1998.556043,5056.230287
163519.413389,2812.782580,-2442.679609,4136.915689
163519.413709,-2072.576638,-3627.009116,689.485948
163519.414029,-2738.761985,-8068.244768,-2068.457845
163519.414348,-5255.462188,-13545.768739,-1838.629195
163519.414668,-5995.668130,-15026.180623,-2451.505594
163519.414988,-6883.915261,-14804.118840,-2221.676944
163519.415308,-8364.327145,-13027.624579,-4979.620737
163519.415627,-10362.883188,-12213.398043,-4290.134789
163519.415947,-7328.038826,-11177.109724,-689.485948
163519.416267,-3849.070898,-8068.244768,1762.019645
163519.416586,-2590.720797,-4737.318029,2987.772442
163519.416906,-1554.432478,-5625.565159,3753.867940
163519.417226,1110.308913,-5329.482782,2987.772442
163519.417545,4071.132681,-5329.482782,4826.401637
163519.417865,2368.659014,-7179.997637,3677.258390
163519.418185,0.000000,-7179.997637,612.876398
163519.418504,-2442.679609,-13915.871710,-1608.800546
163519.418824,-6513.812290,-14730.098246,-2834.553343
163519.419144,-7698.141797,-14063.912898,-4060.306139
163519.419464,-9844.739029,-13397.727550,-4366.744339
163519.419783,-9474.636058,-11917.315666,-4290.134789
163519.420103,-7698.141797,-8068.244768,-3677.258390
163519.420423,-4737.318029,-5403.503377,-2451.505594
163519.420742,296.082377,-5625.565159,2834.553343
163519.421062,2294.638420,-5625.565159,3370.820191
163519.421382,1998.556043,-3182.885551,383.047749
163519.421701,4663.297435,-7994.224174,1762.019645
163519.422021,2590.720797,-10140.821405,1685.410096
163519.422341,0.000000,-13175.665768,1225.752797
163519.422660,-4219.173869,-13175.665768,0.000000
163519.422980,-7105.977043,-12213.398043,0.000000
163519.423300,-8734.430116,-7772.162391,-5822.325785
163519.423620,-8586.388927,-8956.491898,-4136.915689
163519.423939,-4811.338623,-9252.574275,-2451.505594
163519.424259,-3256.906145,-5995.668130,-459.657299
163519.424579,-4219.173869,-4293.194464,-2451.505594
163519.424898,-1702.473667,-6217.729913,383.047749
163519.425218,-1480.411884,-6513.812290,-612.876398
163519.425538,74.020594,-7994.224174,1225.752797
163519.425857,814.226536,-13027.624579,1762.019645
163519.426177,-2146.597232,-15100.201217,2068.457845
163519.426497,-3627.009116,-12731.542202,-536.266849
163519.426817,-5551.544565,-11103.089130,-1608.800546
163519.427136,-7550.100608,-9548.656652,-3370.820191
163519.427456,-7105.977043,-9548.656652,-4903.011187
163519.427776,-6587.832884,-7402.059420,-5286.058936
163519.428095,-4885.359217,-8142.265362,-1762.019645
163519.428415,-2294.638420,-6217.729913,-1378.971896
163519.428735,-2294.638420,-5995.668130,-995.924147
163519.429054,-74.020594,-9474.636058,-76.609550
163519.429374,-2294.638420,-10510.924376,-76.609550
163519.429694,-3034.844362,-15396.283594,2374.896044
163519.430013,-3034.844362,-13027.624579,1762.019645
163519.430333,-4367.215058,-8956.491898,1225.752797
163519.430653,-7105.977043,-7772.162391,0.000000
163519.430973,-3034.844362,-7698.141797,-76.609550
163519.431292,-2886.803174,-6291.750507,0.000000
163519.431612,-1850.514855,-7920.203579,1762.019645
163519.431932,-1332.370696,-5403.503377,-1302.362347
163519.432251,-1036.288319,-10288.862594,-76.609550
163519.432571,-5921.647536,-9548.656652,0.000000
163519.432891,-4145.153275,-12435.459826,-76.609550
163519.433210,-3775.050304,-13323.706956,3600.648841
163519.433530,-2442.679609,-9474.636058,-1302.362347
163519.433850,-3034.844362,-10658.965565,-383.047749
163519.434169,-4145.153275,-8142.265362,-153.219100
163519.434489,-2220.617826,-8586.388927,0.000000
163519.434809,-592.164754,-8956.491898,842.705048
163519.435129,-148.041188,-8956.491898,919.314598
163519.435448,-3627.009116,-9474.636058,229.828649
163519.435768,-2146.597232,-7994.224174,-459.657299
163519.436088,-1036.288319,-8586.388927,-689.485948
163519.436407,0.000000,-8364.327145,0.000000
163519.436727,2294.638420,-10658.965565,-76.609550
163519.437047,-1184.329507,-9252.574275,-1378.971896
163519.437366,0.000000,-10362.883188,-2528.115143
163519.437686,-962.267725,-10510.924376,-3830.477490
163519.438006,0.000000,-13249.686362,-2298.286494
163519.438326,0.000000,-9548.656652,-3677.258390
163519.438645,2294.638420,-10214.842000,1072.533697
163519.438965,3552.988522,-8956.491898,2681.334243
163519.439285,6365.771101,-6291.750507,2987.772442
163519.439604,7846.182985,-6809.894666,4826.401637
163519.439924,8216.285956,-7105.977043,4826.401637
163519.440244,6439.791695,-9474.636058,1455.581446
163519.440563,-666.185348,-7476.080014,-3600.648841
163519.440883,0.000000,-10140.821405,-5822.325785
163519.441203,-2368.659014,-11621.233289,-2757.943793
163519.441522,-3849.070898,-10732.986159,-4596.572988
163519.441842,-962.267725,-10658.965565,-2834.553343
163519.442162,1110.308913,-10658.965565,-1072.533697
163519.442482,2590.720797,-8142.265362,-153.219100
163519.442801,4071.132681,-8364.327145,2068.457845
163519.443121,5329.482782,-7179.997637,2451.505594
163519.443441,4959.379811,-7624.121203,536.266849
163519.443760,4663.297435,-12435.459826,-76.609550
163519.444080,-74.020594,-10066.800811,-1302.362347
163519.444400,0.000000,-10732.986159,612.876398
163519.444719,-1406.391290,-8882.471304,-1991.848295
163519.445039,0.000000,-10658.965565,-1608.800546
163519.445359,-1332.370696,-9030.512492,-1532.190996
163519.445678,888.247130,-9178.553681,0.000000
163519.445998,2294.638420,-7698.141797,-1302.362347
163519.446318,0.000000,-7179.997637,-1532.190996
163519.446638,-3182.885551,-7476.080014,-4213.525239
163519.446957,-5625.565159,-10140.821405,-1838.629195
163519.447277,370.102971,-11843.295072,1149.143247
163519.447597,0.000000,-9548.656652,2451.505594
163519.447916,2590.720797,-10658.965565,4136.915689
163519.448236,518.144159,-6735.874072,2221.676944
163519.448556,1110.308913,-7772.162391,2451.505594
163519.448875,-740.205942,-6513.812290,-1302.362347
163519.449195,-2442.679609,-9178.553681,-1302.362347
163519.449515,-4811.338623,-11251.130318,-3140.991542
163519.449835,-8290.306550,-10881.027347,-3677.258390
163519.450154,-4737.318029,-12509.480420,-1838.629195
163519.450474,-3182.885551,-11325.150913,-76.609550
163519.450794,-4145.153275,-7772.162391,0.000000
163519.451113,-3627.009116,-5847.626942,459.657299
163519.451433,-1184.329507,-6587.832884,995.924147
163519.451753,-2146.597232,-6735.874072,612.876398
163519.452072,-74.020594,-9474.636058,-76.609550
163519.452392,-2442.679609,-11547.212695,-76.609550
163519.452712,-3923.091493,-10955.047942,-1991.848295
163519.453031,-4367.215058,-10658.965565,-2528.115143
163519.453351,-3997.112087,-9548.656652,-2451.505594
163519.453671,1776.494261,-12139.377449,2834.553343
163519.453991,296.082377,-8512.368333,1608.800546
163519.454310,4071.132681,-8290.306550,2374.896044
163519.454630,1110.308913,-6439.791695,0.000000
163519.454950,1480.411884,-7624.121203,0.000000
163519.455269,-2072.576638,-7772.162391,-2451.505594
163519.455589,-888.247130,-10140.821405,1225.752797
163519.455909,-148.041188,-10436.903782,2145.067394
163519.456228,-74.020594,-9474.636058,-229.828649
163519.456548,-1258.350101,-9474.636058,-1302.362347
163519.456868,-1776.494261,-9696.697840,459.657299
163519.457187,-666.185348,-8808.450710,-1608.800546
163519.457507,-1850.514855,-8438.347739,-3370.820191
163519.457827,-740.205942,-10955.047942,-4060.306139
163519.458147,-4145.153275,-8512.368333,-4903.011187
163519.458466,0.000000,-10140.821405,-1915.238745
163519.458786,0.000000,-8364.327145,-1838.629195
163519.459106,4663.297435,-11399.171507,1532.190996
163519.459425,3478.967927,-8364.327145,2987.772442
163519.459745,7624.121203,-9474.636058,4213.525239
163519.460065,5033.400406,-6587.832884,2757.943793
163519.460384,3404.947333,-7772.162391,-459.657299
163519.460704,740.205942,-9918.759623,-2068.457845
163519.461024,-1850.514855,-11325.150913,-2374.896044
163519.461344,-296.082377,-10732.986159,-1455.581446
163519.461663,1110.308913,-11547.212695,-383.047749
163519.461983,1110.308913,-11251.130318,-383.047749
163519.462303,592.164754,-8290.306550,-76.609550
163519.462622,3775.050304,-6957.935855,1608.800546
163519.462942,7031.956449,-9474.636058,3600.648841
163519.463262,2590.720797,-7772.162391,919.314598
163519.463581,-592.164754,-8438.347739,0.000000
163519.463901,-1850.514855,-9474.636058,-612.876398
163519.464221,-1776.494261,-10732.986159,0.000000
163519.464540,-3552.988522,-10140.821405,-1225.752797
163519.464860,-2072.576638,-12361.439231,-76.609550
163519.465180,-2072.576638,-9548.656652,2451.505594
163519.465500,2664.741391,-10510.924376,2374.896044
163519.465819,-74.020594,-6513.812290,-76.609550
163519.466139,-74.020594,-8882.471304,-76.609550
163519.466459,-4293.194464,-7254.018232,-2145.067394
163519.466778,-3330.926739,-10288.862594,-2298.286494
163519.467098,-3627.009116,-11695.253884,-1302.362347
163519.467418,-4737.318029,-9844.739029,0.000000
163519.467737,-2664.741391,-10140.821405,0.000000
163519.468057,-4737.318029,-7179.997637,0.000000
163519.468377,1850.514855,-9252.574275,2451.505594
163519.468696,518.144159,-7105.977043,1378.971896
163519.469016,2294.638420,-9474.636058,-689.485948
163519.469336,-2368.659014,-8660.409521,0.000000
163519.469656,-1776.494261,-10140.821405,-995.924147
163519.469975,-2812.782580,-10288.862594,-1225.752797
163519.470295,-1850.514855,-10510.924376,-383.047749
163519.470615,-3552.988522,-8068.244768,-1838.629195
163519.470934,-666.185348,-8586.388927,-76.609550
163519.471254,0.000000,-7476.080014,0.000000
163519.471574,-1184.329507,-6587.832884,0.000000
163519.471893,1702.473667,-10658.965565,2374.896044
163519.472213,-888.247130,-8660.409521,995.924147
163519.472533,-740.205942,-10584.944971,76.609550
163519.472853,-2368.659014,-8882.471304,-766.095498
163519.473172,-2368.659014,-10881.027347,-1762.019645
163519.473492,-4737.318029,-8364.327145,-3677.258390
163519.473812,-1110.308913,-8956.491898,-919.314598
163519.474131,2220.617826,-8882.471304,842.705048
163519.474451,3182.885551,-9474.636058,-76.609550
163519.474771,-370.102971,-7772.162391,-3677.258390
163519.475090,0.000000,-9548.656652,-1225.752797
163519.475410,666.185348,-10436.903782,-2451.505594
163519.475730,0.000000,-10732.986159,-1302.362347
163519.476049,1406.391290,-11843.295072,-612.876398
163519.476369,1110.308913,-10140.821405,76.609550
163519.476689,7031.956449,-9474.636058,3600.648841
163519.477009,5477.523971,-6809.894666,3524.039291
163519.477328,4589.276840,-6587.832884,1762.019645
163519.477648,1776.494261,-5995.668130,-995.924147
163519.477968,-444.123565,-9326.594869,-1225.752797
163519.478287,-2368.659014,-9548.656652,-2451.505594
163519.478607,-3256.906145,-11917.315666,-1838.629195
163519.478927,1702.473667,-14211.954086,1149.143247
163519.479246,-74.020594,-11251.130318,-76.609550
163519.479566,1628.453072,-7772.162391,766.095498
163519.479886,4663.297435,-8290.306550,2374.896044
163519.480205,2960.823768,-7624.121203,1455.581446
163519.480525,-148.041188,-7328.038826,-383.047749
163519.480845,-1924.535449,-9474.636058,-1378.971896
163519.481165,-4145.153275,-11325.150913,-383.047749
163519.481484,-2812.782580,-10510.924376,-229.828649
163519.481804,-3552.988522,-10140.821405,0.000000
163519.482124,-4737.318029,-5995.668130,0.000000
163519.482443,518.144159,-9178.553681,1685.410096
163519.482763,-74.020594,-5033.400406,-2298.286494
163519.483083,1850.514855,-9326.594869,-76.609550
163519.483402,-1998.556043,-9326.594869,-76.609550
163519.483722,-2738.761985,-9474.636058,-2068.457845
163519.484042,-4219.173869,-10658.965565,-1915.238745
163519.484362,-2146.597232,-13545.768739,-76.609550
163519.484681,-666.185348,-11843.295072,536.266849
163519.485001,518.144159,-9474.636058,1149.143247
163519.485321,2516.700203,-7179.997637,3064.381992
163519.485640,2960.823768,-5995.668130,1532.190996
163519.485960,2294.638420,-6513.812290,76.609550
163519.486280,-1258.350101,-8290.306550,306.438199
163519.486599,-2442.679609,-9918.759623,-1302.362347
163519.486919,-4737.318029,-10584.944971,-2528.115143
163519.487239,-1850.514855,-14211.954086,-76.609550
163519.487558,-2368.659014,-11695.253884,-2451.505594
163519.487878,-2368.659014,-10140.821405,1072.533697
163519.488198,-74.020594,-9178.553681,536.266849
163519.488518,-1258.350101,-8290.306550,-689.485948
163519.488837,-4589.276840,-7179.997637,-3677.258390
163519.489157,-3627.009116,-8290.306550,-3140.991542
163519.489477,-2442.679609,-10881.027347,-1608.800546
163519.489796,-1850.514855,-9548.656652,-1762.019645
163519.490116,222.061783,-11621.233289,-229.828649
163519.490436,148.041188,-8364.327145,919.314598
163519.490755,1480.411884,-7772.162391,1532.190996
163519.491075,4737.318029,-7624.121203,2604.724693
163519.491395,6069.688724,-10214.842000,2911.162892
163519.491714,2294.638420,-9474.636058,-76.609550
163519.492034,-4145.153275,-7179.997637,-3677.258390
163519.492354,-74.020594,-10214.842000,-995.924147
163519.492674,-1184.329507,-9696.697840,-2221.676944
163519.492993,74.020594,-11103.089130,-306.438199
163519.493313,-740.205942,-9326.594869,-76.609550
163519.493633,3478.967927,-10658.965565,3600.648841
163519.493952,2960.823768,-7031.956449,2221.676944
163519.494272,2294.638420,-7105.977043,0.000000
163519.494592,0.000000,-7476.080014,612.876398
163519.494911,296.082377,-8956.491898,306.438199
163519.495231,-1850.514855,-8364.327145,-2145.067394
163519.495551,-2738.761985,-11325.150913,-2298.286494
163519.495871,-3404.947333,-12509.480420,-1915.238745
163519.496190,-4441.235652,-10436.903782,0.000000
163519.496510,3478.967927,-11843.295072,2374.896044
163519.496830,3182.885551,-9474.636058,2604.724693
163519.497149,3478.967927,-9474.636058,2374.896044
163519.497469,-1554.432478,-7402.059420,-995.924147
163519.497789,-2368.659014,-7476.080014,-2528.115143
163519.498108,-2368.659014,-8364.327145,0.000000
163519.498428,-1110.308913,-9696.697840,-1915.238745
163519.498748,-592.164754,-10658.965565,-306.438199
163519.499067,-740.205942,-9696.697840,76.609550
163519.499387,2368.659014,-9104.533087,1455.581446
163519.499707,4071.132681,-9474.636058,1532.190996
163519.500027,592.164754,-7772.162391,612.876398
163519.500346,-1628.453072,-8216.285956,-76.609550
163519.500666,-74.020594,-11843.295072,2374.896044
163519.500986,-1258.350101,-8290.306550,-1915.238745
163519.501305,-2368.659014,-9548.656652,0.000000
163519.501625,-1850.514855,-10066.800811,-766.095498
163519.501945,-1998.556043,-9770.718434,919.314598
163519.502264,1036.288319,-8956.491898,1532.190996
163519.502584,2590.720797,-5921.647536,229.828649
163519.502904,1110.308913,-8290.306550,-76.609550
163519.503223,-4441.235652,-6661.853478,0.000000
163519.503543,-1184.329507,-9548.656652,612.876398
163519.503863,-666.185348,-9474.636058,-1915.238745
163519.504183,-1480.411884,-11917.315666,-1915.238745
163519.504502,-5921.647536,-9548.656652,-2451.505594
163519.504822,-2664.741391,-10807.006753,-689.485948
163519.505141,0.000000,-9178.553681,-766.095498
163519.505461,0.000000,-9252.574275,-1302.362347
163519.505780,-74.020594,-8882.471304,-1302.362347
163519.506100,-1036.288319,-7920.203579,842.705048
163519.506420,1702.473667,-7994.224174,-383.047749
163519.506739,0.000000,-7772.162391,-1225.752797
163519.507059,518.144159,-10584.944971,0.000000
163519.507379,-3552.988522,-7476.080014,-2451.505594
163519.507698,1554.432478,-11251.130318,1378.971896
163519.508018,2072.576638,-9770.718434,1455.581446
163519.508338,1924.535449,-8660.409521,689.485948
163519.508657,-666.185348,-8882.471304,-76.609550
163519.508977,-1776.494261,-5995.668130,-1302.362347
163519.509297,-2368.659014,-9474.636058,-2374.896044
163519.509616,-2442.679609,-13027.624579,-383.047749
163519.509936,-666.185348,-12435.459826,-1302.362347
163519.510256,-2368.659014,-7254.018232,0.000000
163519.510576,4663.297435,-10658.965565,2987.772442
163519.510895,4145.153275,-7179.997637,3830.477490
163519.511215,4145.153275,-7179.997637,2374.896044
163519.511535,592.164754,-7031.956449,383.047749
163519.511854,-592.164754,-11325.150913,995.924147
163519.512174,-1036.288319,-10510.924376,-1378.971896
163519.512494,-1702.473667,-11621.233289,-1302.362347
163519.512813,-1258.350101,-10658.965565,-3140.991542
163519.513133,-4737.318029,-8660.409521,-3370.820191
163519.513453,-74.020594,-11547.212695,-76.609550
163519.513772,0.000000,-7772.162391,-612.876398
163519.514092,1036.288319,-9474.636058,306.438199
163519.514412,-592.164754,-9104.533087,842.705048
163519.514731,1036.288319,-8438.347739,3294.210641
163519.515051,0.000000,-4811.338623,0.000000
163519.515371,2442.679609,-9030.512492,229.828649
163519.515690,296.082377,-9548.656652,-459.657299
163519.516010,296.082377,-10362.883188,1149.143247
163519.516330,3478.967927,-11843.295072,1149.143247
163519.516649,2590.720797,-9622.677246,-153.219100
163519.516969,1184.329507,-11029.068536,1225.752797
163519.517289,-666.185348,-9252.574275,0.000000
163519.517609,1110.308913,-11103.089130,995.924147
163519.517928,-2368.659014,-8364.327145,612.876398
163519.518248,-2294.638420,-8808.450710,-1991.848295
163519.518568,-2812.782580,-9474.636058,-229.828649
163519.518887,-1036.288319,-9252.574275,612.876398
163519.519207,-370.102971,-7624.121203,536.266849
163519.519527,-74.020594,-7994.224174,-1302.362347
163519.519846,-814.226536,-8808.450710,-1302.362347
163519.520166,-2294.638420,-9474.636058,-612.876398
163519.520486,-74.020594,-11843.295072,-76.609550
163519.520805,-2442.679609,-9400.615463,-2834.553343
163519.521125,-3552.988522,-10140.821405,-3064.381992
163519.521445,-3627.009116,-10584.944971,-3140.991542
163519.521764,222.061783,-11547.212695,-612.876398
163519.522084,1332.370696,-9770.718434,229.828649
163519.522404,1924.535449,-8956.491898,0.000000
163519.522723,2294.638420,-6957.935855,-689.485948
163519.523043,666.185348,-7105.977043,2374.896044
163519.523363,0.000000,-6587.832884,153.219100
163519.523682,0.000000,-7179.997637,0.000000
163519.524002,-74.020594,-11695.253884,-76.609550
163519.524322,-4737.318029,-8364.327145,0.000000
163519.524642,-592.164754,-10881.027347,76.609550
163519.524961,-74.020594,-9252.574275,76.609550
163519.525281,814.226536,-10140.821405,-76.609550
163519.525601,-1850.514855,-8882.471304,-1302.362347
163519.525920,-74.020594,-11251.130318,1149.143247
163519.526240,-74.020594,-9474.636058,1149.143247
163519.526560,-74.020594,-7698.141797,-689.485948
163519.526879,-2294.638420,-7550.100608,-1072.533697
163519.527199,-592.164754,-10807.006753,2221.676944
163519.527519,0.000000,-8660.409521,612.876398
163519.527838,444.123565,-8290.306550,-612.876398
163519.528158,-296.082377,-10066.800811,-995.924147
163519.528478,-2738.761985,-9474.636058,-2451.505594
163519.528797,-370.102971,-11399.171507,0.000000
163519.529117,888.247130,-10140.821405,-76.609550
163519.529437,1110.308913,-9474.636058,-76.609550
163519.529756,1702.473667,-11251.130318,-76.609550
163519.530076,-592.164754,-7846.182985,-766.095498
163519.530396,2368.659014,-10732.986159,4519.963438
163519.530715,2294.638420,-7254.018232,612.876398
163519.531035,2442.679609,-9770.718434,1072.533697
163519.531355,0.000000,-8142.265362,1225.752797
163519.531675,0.000000,-7772.162391,0.000000
163519.531994,-2664.741391,-5995.668130,-2145.067394
163519.532314,-888.247130,-10732.986159,-3677.258390
163519.532634,-2368.659014,-10436.903782,-459.657299
163519.532953,-666.185348,-11251.130318,-76.609550
163519.533273,1110.308913,-11547.212695,-76.609550
163519.533593,-592.164754,-9844.739029,306.438199
163519.533912,-444.123565,-9252.574275,766.095498
163519.534232,-1332.370696,-7476.080014,383.047749
163519.534552,444.123565,-8660.409521,919.314598
163519.534871,-2368.659014,-4811.338623,-2374.896044
163519.535191,-74.020594,-10658.965565,-76.609550
163519.535511,-4145.153275,-7772.162391,-2451.505594
163519.535830,-296.082377,-12139.377449,-76.609550
163519.536150,-296.082377,-12139.377449,459.657299
163519.536470,-74.020594,-11843.295072,-76.609550
163519.536789,-2146.597232,-11621.233289,-1302.362347
163519.537109,-1332.370696,-9548.656652,-383.047749
163519.537429,962.267725,-9474.636058,1532.190996
163519.537748,592.164754,-6291.750507,306.438199
163519.538068,2294.638420,-7994.224174,689.485948
163519.538388,1110.308913,-7994.224174,1149.143247
163519.538708,2294.638420,-9326.594869,1532.190996
163519.539027,-2368.659014,-7179.997637,-1991.848295
163519.539347,-1776.494261,-9548.656652,-1532.190996
163519.539667,-74.020594,-13027.624579,-76.609550
163519.539986,-2812.782580,-9622.677246,-1225.752797
163519.540306,-1702.473667,-9474.636058,-1302.362347
163519.540626,-3478.967927,-8808.450710,-2374.896044
163519.540945,-3552.988522,-9548.656652,0.000000
163519.541265,-2072.576638,-7772.162391,0.000000
163519.541585,3034.844362,-9770.718434,612.876398
163519.541904,4663.297435,-9474.636058,2374.896044
163519.542224,1702.473667,-8808.450710,0.000000
163519.542544,-74.020594,-7994.224174,1149.143247
163519.542863,888.247130,-10288.862594,919.314598
163519.543183,-1406.391290,-9252.574275,-229.828649
163519.543503,-1184.329507,-9400.615463,-1915.238745
163519.543822,-1628.453072,-10214.842000,-995.924147
163519.544142,-2368.659014,-8364.327145,0.000000
163519.544462,0.000000,-9326.594869,-1302.362347
163519.544781,-3552.988522,-7179.997637,-3677.258390
163519.545101,-1480.411884,-11843.295072,-612.876398
163519.545421,-3034.844362,-10658.965565,-76.609550
163519.545741,296.082377,-10658.965565,4519.963438
163519.546060,1258.350101,-7254.018232,1915.238745
163519.546380,2516.700203,-7105.977043,2068.457845
163519.546700,2220.617826,-7624.121203,1762.019645
163519.547019,592.164754,-7179.997637,306.438199
163519.547339,3108.864956,-8364.327145,1225.752797
163519.547659,1628.453072,-11473.192101,-76.609550
163519.547978,-74.020594,-12435.459826,-76.609550
163519.548298,-666.185348,-10658.965565,-689.485948
163519.548618,148.041188,-10140.821405,1838.629195
163519.548937,0.000000,-6291.750507,0.000000
163519.549257,740.205942,-8660.409521,0.000000
163519.549577,-1850.514855,-7476.080014,-1455.581446
163519.549896,-2294.638420,-9252.574275,-995.924147
163519.550216,-666.185348,-9474.636058,-2834.553343
163519.550536,-2960.823768,-9844.739029,-2145.067394
163519.550855,-2886.803174,-11103.089130,-1685.410096
163519.551175,-2146.597232,-9178.553681,-306.438199
163519.551495,592.164754,-9400.615463,1762.019645
163519.551815,0.000000,-7772.162391,2451.505594
163519.552134,888.247130,-9548.656652,1225.752797
163519.552454,-74.020594,-8882.471304,-1302.362347
163519.552774,0.000000,-9844.739029,-766.095498
163519.553093,-1184.329507,-9548.656652,-2451.505594
163519.553413,-74.020594,-9474.636058,-1302.362347
163519.553733,-1036.288319,-8956.491898,-766.095498
163519.554052,518.144159,-7994.224174,-229.828649
163519.554372,1332.370696,-8586.388927,459.657299
163519.554692,592.164754,-8364.327145,612.876398
163519.555011,2072.576638,-9178.553681,766.095498
163519.555331,-2368.659014,-7179.997637,0.000000
163519.555651,-592.164754,-9548.656652,-2451.505594
163519.555970,-148.041188,-11251.130318,-383.047749
163519.556290,-1554.432478,-9622.677246,-2451.505594
163519.556610,-370.102971,-10658.965565,-76.609550
163519.556929,-888.247130,-9548.656652,842.705048
163519.557249,-666.185348,-8216.285956,153.219100
163519.557569,592.164754,-7179.997637,383.047749
163519.557888,1406.391290,-10066.800811,1149.143247
163519.558208,-666.185348,-8586.388927,0.000000
163519.558528,-888.247130,-8660.409521,-2987.772442
163519.558848,-2368.659014,-9548.656652,-1225.752797
163519.559167,-74.020594,-12435.459826,-2528.115143
163519.559487,-2738.761985,-9326.594869,-4366.744339
163519.559807,-1184.329507,-12287.418637,-76.609550
163519.560126,-666.185348,-9474.636058,153.219100
163519.560446,888.247130,-9104.533087,229.828649
163519.560766,1628.453072,-8882.471304,2374.896044
163519.561085,2590.720797,-9178.553681,3600.648841
163519.561405,4589.276840,-9400.615463,4826.401637
163519.561725,3330.926739,-7994.224174,536.266849
163519.562044,666.185348,-9548.656652,0.000000
163519.562364,-2368.659014,-8364.327145,0.000000
163519.562684,-74.020594,-9770.718434,-383.047749
163519.563003,-444.123565,-9696.697840,76.609550
163519.563323,1332.370696,-9696.697840,-689.485948
163519.563643,0.000000,-9178.553681,0.000000
163519.563962,2294.638420,-9104.533087,1149.143247
163519.564282,-666.185348,-8068.244768,-1225.752797
163519.564602,-1184.329507,-9252.574275,-612.876398
163519.564921,-370.102971,-11103.089130,-76.609550
163519.565241,-1850.514855,-8882.471304,-995.924147
163519.565561,-3552.988522,-7772.162391,0.000000
163519.565881,-74.020594,-7550.100608,229.828649
163519.566200,888.247130,-9104.533087,0.000000
163519.566520,888.247130,-7179.997637,383.047749
163519.566840,444.123565,-9548.656652,-383.047749
163519.567159,-296.082377,-9770.718434,-689.485948
163519.567479,-2960.823768,-9548.656652,-3830.477490
163519.567799,-3923.091493,-11917.315666,-4903.011187
163519.568118,-2442.679609,-14211.954086,-1608.800546
163519.568438,-888.247130,-10510.924376,1149.143247
163519.568758,0.000000,-5995.668130,0.000000
163519.569077,3701.029710,-8068.244768,1455.581446
163519.569397,1184.329507,-5995.668130,995.924147
163519.569717,2960.823768,-7772.162391,1915.238745
163519.570036,2294.638420,-7105.977043,-383.047749
163519.570356,2886.803174,-10658.965565,-1302.362347
163519.570676,-2294.638420,-11843.295072,-689.485948
163519.570995,-4737.318029,-9548.656652,0.000000
163519.571315,-222.061783,-10510.924376,-306.438199
163519.571635,-1776.494261,-9844.739029,-459.657299
163519.571954,-3256.906145,-8956.491898,-1991.848295
163519.572274,-1776.494261,-8290.306550,-76.609550
163519.572594,2812.782580,-9474.636058,919.314598
163519.572914,2368.659014,-6809.894666,-459.657299
163519.573233,3478.967927,-11843.295072,-76.609550
163519.573553,-1924.535449,-8364.327145,0.000000
163519.573873,-74.020594,-11547.212695,-76.609550
163519.574192,-1258.350101,-9548.656652,-1072.533697
163519.574512,-2368.659014,-8734.430116,-2145.067394
163519.574832,-1776.494261,-9548.656652,2451.505594
163519.575151,-296.082377,-7624.121203,383.047749
163519.575471,1850.514855,-9252.574275,995.924147
163519.575791,-444.123565,-7550.100608,-1762.019645
163519.576110,-1480.411884,-10140.821405,-3064.381992
163519.576430,-3256.906145,-10288.862594,-3447.429741
163519.576750,-1184.329507,-11473.192101,0.000000
163519.577069,1110.308913,-10066.800811,1149.143247
163519.577389,3478.967927,-8882.471304,-383.047749
163519.577709,-1554.432478,-8290.306550,-76.609550
163519.578028,0.000000,-8364.327145,1225.752797
163519.578348,4145.153275,-8956.491898,2221.676944
163519.578668,2516.700203,-8956.491898,536.266849
163519.578987,-296.082377,-11029.068536,0.000000
163519.579307,-3034.844362,-8216.285956,-1532.190996
163519.579627,1110.308913,-10066.800811,1608.800546
163519.579947,1184.329507,-7846.182985,536.266849
163519.580266,0.000000,-7772.162391,306.438199
163519.580586,-2368.659014,-7179.997637,919.314598
163519.580906,-74.020594,-9474.636058,2681.334243
163519.581225,-1776.494261,-7179.997637,-1838.629195
163519.581545,-1702.473667,-9770.718434,-4519.963438
163519.581865,-4811.338623,-12583.501014,-2987.772442
163519.582184,-5255.462188,-11843.295072,-2834.553343
163519.582504,-1258.350101,-11325.150913,-2221.676944
163519.582824,-74.020594,-11843.295072,-76.609550
163519.583143,-740.205942,-7624.121203,0.000000
163519.583463,-1110.308913,-5995.668130,919.314598
163519.583783,2368.659014,-6291.750507,4749.792088
163519.584102,1184.329507,-4811.338623,612.876398
163519.584422,2590.720797,-7105.977043,76.609550
163519.584742,-1480.411884,-9548.656652,-1762.019645
163519.585061,-3256.906145,-12065.356855,-2987.772442
163519.585381,-666.185348,-11843.295072,-2528.115143
163519.585701,-1776.494261,-10288.862594,-2374.896044
163519.586020,0.000000,-9548.656652,0.000000
163519.586340,296.082377,-7772.162391,0.000000
163519.586660,3552.988522,-9104.533087,3524.039291
163519.586980,2072.576638,-4811.338623,0.000000
163519.587299,2294.638420,-8882.471304,842.705048
163519.587619,-2738.761985,-8290.306550,-766.095498
163519.587939,-3034.844362,-10362.883188,-689.485948
163519.588258,-2368.659014,-9548.656652,-536.266849
163519.588578,-740.205942,-10732.986159,1455.581446
163519.588898,-518.144159,-8660.409521,229.828649
163519.589217,-518.144159,-7550.100608,459.657299
163519.589537,1480.411884,-8660.409521,0.000000
163519.589857,-888.247130,-7920.203579,-3677.258390
163519.590176,-2664.741391,-9844.739029,-4903.011187
163519.590496,-2442.679609,-11251.130318,-3753.867940
163519.590816,-3182.885551,-11399.171507,-2298.286494
163519.591135,-740.205942,-10584.944971,-1225.752797
163519.591455,814.226536,-10658.965565,-76.609550
163519.591775,1480.411884,-9252.574275,2451.505594
163519.592094,2368.659014,-7031.956449,2221.676944
163519.592414,4293.194464,-7994.224174,2528.115143
163519.592734,2664.741391,-7328.038826,842.705048
163519.593053,888.247130,-8290.306550,76.609550
163519.593373,-2368.659014,-8364.327145,0.000000
163519.593693,1110.308913,-11843.295072,-76.609550
163519.594013,-1258.350101,-9474.636058,-689.485948
163519.594332,-1776.494261,-9548.656652,-1378.971896
163519.594652,-74.020594,-10658.965565,2374.896044
163519.594972,0.000000,-8068.244768,612.876398
163519.595291,962.267725,-7550.100608,0.000000
163519.595611,-444.123565,-8142.265362,-1225.752797
163519.595931,-1776.494261,-9918.759623,-766.095498
163519.596250,-4589.276840,-9548.656652,-1225.752797
163519.596570,-2368.659014,-11621.233289,76.609550
163519.596890,-74.020594,-10955.047942,2068.457845
163519.597209,1110.308913,-9474.636058,1149.143247
163519.597529,0.000000,-6809.894666,1532.190996
163519.597849,4663.297435,-9474.636058,4213.525239
163519.598168,1184.329507,-5699.585753,612.876398
163519.598488,-1406.391290,-7698.141797,-2374.896044
163519.598808,-3849.070898,-11251.130318,-3064.381992
163519.599127,-4145.153275,-11325.150913,-2451.505594
163519.599447,-3552.988522,-10732.986159,-1838.629195
163519.599767,-4737.318029,-9548.656652,-3064.381992
163519.600086,1406.391290,-12287.418637,-76.609550
163519.600406,1036.288319,-8882.471304,2374.896044
163519.600726,4071.132681,-7402.059420,1762.019645
163519.601046,3478.967927,-7698.141797,1762.019645
163519.601365,1480.411884,-8808.450710,-459.657299
163519.601685,-296.082377,-8438.347739,0.000000
163519.602005,518.144159,-9326.594869,-153.219100
163519.602324,0.000000,-8660.409521,0.000000
163519.602644,-74.020594,-10066.800811,-1915.238745
163519.602964,-2368.659014,-9696.697840,-1838.629195
163519.603283,-1776.494261,-7772.162391,-2987.772442
163519.603603,0.000000,-9548.656652,612.876398
163519.603923,-74.020594,-7105.977043,-3140.991542
163519.604242,-1110.308913,-9474.636058,-1685.410096
163519.604562,-3701.029710,-8882.471304,-3447.429741
163519.604882,-2294.638420,-10807.006753,-1991.848295
163519.605201,-1776.494261,-9918.759623,-689.485948
163519.605521,222.061783,-11029.068536,842.705048
163519.605841,3330.926739,-10066.800811,2068.457845
163519.606160,2590.720797,-7105.977043,1762.019645
163519.606480,3552.988522,-7179.997637,3677.258390
163519.606800,1702.473667,-5921.647536,-1838.629195
163519.607120,2294.638420,-9474.636058,-1302.362347
163519.607439,-1332.370696,-8956.491898,-2681.334243
163519.607759,-740.205942,-12731.542202,-1915.238745
163519.608079,-2886.803174,-11621.233289,-1378.971896
163519.608398,-296.082377,-12805.562797,1225.752797
163519.608718,0.000000,-9844.739029,1532.190996
163519.609038,1184.329507,-7179.997637,2451.505594
163519.609357,2738.761985,-5921.647536,1378.971896
163519.609677,-2072.576638,-4811.338623,-2298.286494
163519.609997,-1776.494261,-7179.997637,0.000000
163519.610316,-3256.906145,-8068.244768,-919.314598
163519.610636,-74.020594,-13027.624579,-76.609550
163519.610956,-1480.411884,-9400.615463,-995.924147
163519.611275,74.020594,-10955.047942,612.876398
163519.611595,2590.720797,-10658.965565,2911.162892
163519.611915,0.000000,-8512.368333,306.438199
163519.612234,-1480.411884,-8068.244768,0.000000
163519.612554,-666.185348,-9030.512492,-1225.752797
163519.612874,-74.020594,-11843.295072,-76.609550
163519.613194,-3552.988522,-8364.327145,-2451.505594
163519.613513,-666.185348,-10658.965565,-919.314598
163519.613833,-2664.741391,-9252.574275,-1915.238745
163519.614153,-814.226536,-10066.800811,-1532.190996
163519.614472,-1332.370696,-8068.244768,-995.924147
163519.614792,1184.329507,-9548.656652,1149.143247
163519.615112,0.000000,-6587.832884,0.000000
163519.615431,2220.617826,-8364.327145,306.438199
163519.615751,2294.638420,-9474.636058,-76.609550
163519.616071,-666.185348,-10658.965565,-995.924147
163519.616390,-4737.318029,-9548.656652,-2451.505594
163519.616710,-2738.761985,-10955.047942,-2681.334243
163519.617030,-370.102971,-11843.295072,459.657299
163519.617349,1110.308913,-8586.388927,1838.629195
163519.617669,5847.626942,-7698.141797,4213.525239
163519.617989,3478.967927,-4737.318029,1762.019645
163519.618309,2294.638420,-9474.636058,2374.896044
163519.618628,-74.020594,-7105.977043,-1608.800546
163519.618948,-1776.494261,-9844.739029,-1225.752797
163519.619268,-2960.823768,-11917.315666,-919.314598
163519.619587,-4293.194464,-11325.150913,-3983.696590
163519.619907,-2368.659014,-11029.068536,-1149.143247
163519.620227,-1332.370696,-9030.512492,-919.314598
163519.620546,814.226536,-8734.430116,0.000000
163519.620866,2294.638420,-7698.141797,-383.047749
163519.621186,1184.329507,-9548.656652,1838.629195
163519.621505,-74.020594,-7698.141797,-1302.362347
163519.621825,-1184.329507,-9548.656652,-1838.629195
163519.622145,-1776.494261,-8660.409521,0.000000
163519.622464,-2146.597232,-9548.656652,-3064.381992
163519.622784,518.144159,-10436.903782,995.924147
163519.623104,1480.411884,-8660.409521,919.314598
163519.623424,2442.679609,-8290.306550,1455.581446
163519.623743,3182.885551,-9474.636058,-76.609550
163519.624063,1110.308913,-9474.636058,-229.828649
163519.624383,-3108.864956,-7179.997637,-2374.896044
163519.624702,-1258.350101,-11325.150913,0.000000
163519.625022,-74.020594,-11843.295072,-689.485948
163519.625342,-370.102971,-9696.697840,-1302.362347
163519.625661,1110.308913,-9474.636058,2068.457845
163519.625981,1036.288319,-8364.327145,2145.067394
163519.626301,1924.535449,-7179.997637,1762.019645
163519.626620,962.267725,-7624.121203,383.047749
163519.626940,0.000000,-8364.327145,1532.190996
163519.627260,-3923.091493,-8512.368333,-2451.505594
163519.627579,-3182.885551,-12213.398043,-2221.676944
163519.627899,-3404.947333,-10658.965565,-3524.039291
163519.628219,-1998.556043,-11917.315666,-3907.087040
163519.628539,-1850.514855,-9474.636058,-3447.429741
163519.628858,1702.473667,-11547.212695,1149.143247
163519.629178,0.000000,-6587.832884,306.438199
163519.629498,1776.494261,-5995.668130,-1225.752797
163519.629817,1110.308913,-8882.471304,-76.609550
163519.630137,0.000000,-7179.997637,0.000000
163519.630457,74.020594,-9030.512492,-306.438199
163519.630776,-1480.411884,-9548.656652,-2221.676944
163519.631096,-1406.391290,-12583.501014,-459.657299
163519.631416,-518.144159,-10066.800811,-1225.752797
163519.631735,2368.659014,-9548.656652,1302.362347
163519.632055,2590.720797,-8290.306550,-76.609550
163519.632375,222.061783,-9474.636058,-689.485948
163519.632694,-2146.597232,-7624.121203,-2145.067394
163519.633014,1184.329507,-11103.089130,1685.410096
163519.633334,-2368.659014,-9548.656652,-2068.457845
163519.633654,-2368.659014,-10066.800811,-1378.971896
163519.633973,-740.205942,-10288.862594,0.000000
163519.634293,222.061783,-8142.265362,1378.971896
163519.634613,1776.494261,-7179.997637,1225.752797
163519.634932,0.000000,-6957.935855,1072.533697
163519.635252,-74.020594,-10658.965565,2221.676944
163519.635572,-2442.679609,-7105.977043,-2528.115143
163519.635891,-1924.535449,-10140.821405,-2374.896044
163519.636211,-2072.576638,-11843.295072,-229.828649
163519.636531,-2886.803174,-11473.192101,-3447.429741
163519.636850,-3108.864956,-10807.006753,-1915.238745
163519.637170,-2220.617826,-10658.965565,-1915.238745
163519.637490,296.082377,-8364.327145,0.000000
163519.637809,0.000000,-4811.338623,0.000000
163519.638129,2738.761985,-7105.977043,153.219100
163519.638449,0.000000,-5995.668130,0.000000
163519.638769,2442.679609,-9844.739029,2528.115143
163519.639088,-74.020594,-9474.636058,-76.609550
163519.639408,296.082377,-11621.233289,306.438199
163519.639728,-592.164754,-9252.574275,229.828649
163519.640047,888.247130,-9474.636058,2374.896044
163519.640367,2072.576638,-8216.285956,1762.019645
163519.640687,-814.226536,-6735.874072,-229.828649
163519.641006,-74.020594,-10214.842000,-76.609550
163519.641326,-2442.679609,-8586.388927,-2528.115143
163519.641646,-2442.679609,-10362.883188,-2528.115143
163519.641965,-4145.153275,-9548.656652,-2451.505594
163519.642285,-74.020594,-14211.954086,-76.609550
163519.642605,-1924.535449,-9548.656652,-1225.752797
163519.642924,-1184.329507,-10658.965565,766.095498
163519.643244,740.205942,-9400.615463,1072.533697
163519.643564,2220.617826,-8068.244768,1991.848295
163519.643884,296.082377,-7179.997637,3064.381992
163519.644203,1110.308913,-8586.388927,1149.143247
163519.644523,1702.473667,-11251.130318,-76.609550
163519.644843,-1110.308913,-6513.812290,-3447.429741
163519.645162,-2368.659014,-9548.656652,-3983.696590
163519.645482,-1554.432478,-13027.624579,-1915.238745
163519.645802,-1184.329507,-11547.212695,-919.314598
163519.646121,0.000000,-9326.594869,-919.314598
163519.646441,1036.288319,-9696.697840,-306.438199
163519.646761,0.000000,-7772.162391,0.000000
163519.647080,0.000000,-7772.162391,612.876398
163519.647400,0.000000,-5995.668130,0.000000
163519.647720,1332.370696,-9474.636058,-76.609550
163519.648039,0.000000,-10214.842000,1149.143247
163519.648359,1110.308913,-8586.388927,-76.609550
163519.648679,2886.803174,-10881.027347,3140.991542
163519.648999,814.226536,-7920.203579,689.485948
163519.649318,-888.247130,-9474.636058,-383.047749
163519.649638,-4219.173869,-7328.038826,-1915.238745
163519.649958,-4737.318029,-7772.162391,-3064.381992
163519.650277,-2442.679609,-8882.471304,-3753.867940
163519.650597,-4145.153275,-9844.739029,-4136.915689
163519.650917,-2368.659014,-10955.047942,-612.876398
163519.651236,-666.185348,-9474.636058,-1302.362347
163519.651556,2294.638420,-9474.636058,-76.609550
163519.651876,740.205942,-6957.935855,0.000000
163519.652195,1332.370696,-8956.491898,842.705048
163519.652515,-888.247130,-7328.038826,229.828649
163519.652835,2294.638420,-10436.903782,2987.772442
163519.653154,370.102971,-9400.615463,-612.876398
163519.653474,-74.020594,-11695.253884,-2221.676944
163519.653794,-2442.679609,-13027.624579,-76.609550
163519.654114,-1554.432478,-9548.656652,-2298.286494
163519.654433,0.000000,-7772.162391,-2451.505594
163519.654753,3478.967927,-9474.636058,-76.609550
163519.655073,1332.370696,-9622.677246,842.705048
163519.655392,-222.061783,-7328.038826,842.705048
163519.655712,1554.432478,-8142.265362,1225.752797
163519.656032,1184.329507,-8364.327145,2451.505594
163519.656351,1184.329507,-9548.656652,153.219100
163519.656671,-1184.329507,-10436.903782,1838.629195
163519.656991,-74.020594,-10955.047942,-76.609550
163519.657310,0.000000,-7476.080014,-766.095498
163519.657630,-740.205942,-8068.244768,-2451.505594
163519.657950,-370.102971,-9178.553681,-383.047749
163519.658269,-1628.453072,-8734.430116,-1225.752797
163519.658589,-370.102971,-9178.553681,-383.047749
163519.658909,-962.267725,-9252.574275,-2681.334243
163519.659229,0.000000,-11917.315666,0.000000
163519.659548,-5625.565159,-7179.997637,-3677.258390
163519.659868,0.000000,-10955.047942,1378.971896
163519.660188,1406.391290,-8734.430116,-76.609550
163519.660507,3478.967927,-8882.471304,-689.485948
163519.660827,3478.967927,-9474.636058,2374.896044
163519.661147,296.082377,-7772.162391,766.095498
163519.661466,1258.350101,-7624.121203,306.438199
163519.661786,0.000000,-8438.347739,-1532.190996
163519.662106,-2368.659014,-11029.068536,0.000000
163519.662425,-2072.576638,-9400.615463,-842.705048
163519.662745,962.267725,-11843.295072,1915.238745
163519.663065,814.226536,-8290.306550,-76.609550
163519.663384,0.000000,-8364.327145,0.000000
163519.663704,-74.020594,-9474.636058,2374.896044
163519.664024,-2368.659014,-7179.997637,153.219100
163519.664344,-444.123565,-7476.080014,0.000000
163519.664663,-518.144159,-9104.533087,-1225.752797
163519.664983,-1406.391290,-10510.924376,-459.657299
163519.665303,-3034.844362,-9400.615463,-2681.334243
163519.665622,-1258.350101,-10362.883188,-536.266849
163519.665942,-2960.823768,-8882.471304,-2451.505594
163519.666262,-1850.514855,-11547.212695,-1302.362347
163519.666581,-3330.926739,-9474.636058,-76.609550
163519.666901,592.164754,-11621.233289,306.438199
163519.667221,0.000000,-8068.244768,612.876398
163519.667540,-74.020594,-9474.636058,-689.485948
163519.667860,-2590.720797,-7254.018232,-2528.115143
163519.668180,0.000000,-8364.327145,0.000000
163519.668499,1702.473667,-9474.636058,-229.828649
163519.668819,518.144159,-9030.512492,153.219100
163519.669139,-370.102971,-10807.006753,229.828649
163519.669459,-1554.432478,-8586.388927,-1532.190996
163519.669778,-444.123565,-10436.903782,-76.609550
163519.670098,-1554.432478,-9326.594869,-2834.553343
163519.670418,-2368.659014,-10288.862594,-1838.629195
163519.670737,-3404.947333,-8364.327145,-2298.286494
163519.671057,1776.494261,-9548.656652,1532.190996
163519.671377,1480.411884,-5995.668130,1225.752797
163519.671696,3775.050304,-7624.121203,1455.581446
163519.672016,2960.823768,-8660.409521,3447.429741
163519.672336,962.267725,-7105.977043,995.924147
163519.672655,444.123565,-9104.533087,995.924147
163519.672975,-74.020594,-9474.636058,-76.609550
163519.673295,-592.164754,-10658.965565,-766.095498
163519.673614,-4737.318029,-7772.162391,-2451.505594
163519.673934,-2072.576638,-10140.821405,-1685.410096
163519.674254,-2812.782580,-9992.780217,-1072.533697
163519.674574,-4737.318029,-7772.162391,-4903.011187
163519.674893,-2220.617826,-10066.800811,-689.485948
163519.675213,0.000000,-9178.553681,536.266849
163519.675533,1036.288319,-8068.244768,1225.752797
163519.675852,2294.638420,-7105.977043,-76.609550
163519.676172,4663.297435,-9474.636058,919.314598
163519.676492,2664.741391,-9474.636058,1455.581446
163519.676811,2886.803174,-10362.883188,-76.609550
163519.677131,0.000000,-8364.327145,-1915.238745
163519.677451,1184.329507,-12509.480420,1532.190996
163519.677770,-2146.597232,-9696.697840,0.000000
163519.678090,-370.102971,-10732.986159,76.609550
163519.678410,-444.123565,-7846.182985,-1149.143247
163519.678729,-962.267725,-7179.997637,-2757.943793
163519.679049,-74.020594,-11103.089130,-536.266849
163519.679369,-2368.659014,-7772.162391,0.000000
163519.679689,962.267725,-10066.800811,1378.971896
163519.680008,-74.020594,-8882.471304,-76.609550
163519.680328,-2960.823768,-9548.656652,-2068.457845
163519.680648,-3552.988522,-9548.656652,612.876398
163519.680967,-1628.453072,-9400.615463,0.000000
163519.681287,-1332.370696,-8808.450710,306.438199
163519.681607,-518.144159,-9474.636058,-995.924147
163519.681926,-1332.370696,-9548.656652,-1838.629195
163519.682246,-518.144159,-8290.306550,-1608.800546
163519.682566,-1554.432478,-8660.409521,-919.314598
163519.682885,-3552.988522,-7179.997637,-3064.381992
163519.683205,0.000000,-11029.068536,0.000000
163519.683525,-74.020594,-11251.130318,-76.609550
163519.683844,0.000000,-9548.656652,1838.629195
163519.684164,-666.185348,-7698.141797,-919.314598
163519.684484,-444.123565,-9622.677246,-1455.581446
163519.684804,-888.247130,-8660.409521,-842.705048
163519.685123,-666.185348,-8882.471304,-1915.238745
163519.685443,-74.020594,-10658.965565,-76.609550
163519.685763,-666.185348,-9178.553681,-2528.115143
163519.686082,-2072.576638,-10140.821405,1225.752797
163519.686402,-592.164754,-7846.182985,0.000000
163519.686722,3923.091493,-10362.883188,5439.278036
163519.687041,2442.679609,-7550.100608,1838.629195
163519.687361,1628.453072,-8068.244768,1378.971896
163519.687681,-1554.432478,-7772.162391,-842.705048
163519.688000,-740.205942,-10436.903782,-995.924147
163519.688320,-2442.679609,-8956.491898,-2834.553343
163519.688640,-370.102971,-13323.706956,-689.485948
163519.688959,-2442.679609,-11843.295072,-1455.581446
163519.689279,-2960.823768,-9400.615463,-2528.115143
163519.689599,-2368.659014,-7920.203579,-1685.410096
163519.689919,2294.638420,-9474.636058,-76.609550
163519.690238,740.205942,-8512.368333,919.314598
163519.690558,148.041188,-6513.812290,76.609550
163519.690878,1628.453072,-9326.594869,766.095498
163519.691197,0.000000,-8364.327145,0.000000
163519.691517,0.000000,-10288.862594,0.000000
163519.691837,-74.020594,-11029.068536,1378.971896
163519.692156,-74.020594,-11843.295072,1608.800546
163519.692476,1110.308913,-10362.883188,-76.609550
163519.692796,-666.185348,-8142.265362,-2528.115143
163519.693115,2294.638420,-11843.295072,1455.581446
163519.693435,-814.226536,-8438.347739,-919.314598
163519.693755,-148.041188,-9992.780217,-153.219100
163519.694074,-2072.576638,-7846.182985,-1915.238745
163519.694394,0.000000,-9548.656652,612.876398
163519.694714,-1184.329507,-8364.327145,612.876398
163519.695034,0.000000,-7476.080014,3064.381992
163519.695353,2886.803174,-7994.224174,1762.019645
163519.695673,444.123565,-7476.080014,-689.485948
163519.695993,1998.556043,-8586.388927,-1302.362347
163519.696312,-592.164754,-9474.636058,-229.828649
163519.696632,-592.164754,-11621.233289,-1302.362347
163519.696952,-2220.617826,-10288.862594,-3524.039291
163519.697271,-2812.782580,-13249.686362,-1915.238745
163519.697591,-4737.318029,-8364.327145,0.000000
163519.697911,-74.020594,-7994.224174,-1608.800546
163519.698230,0.000000,-7179.997637,0.000000
163519.698550,2516.700203,-8586.388927,1762.019645
163519.698870,1998.556043,-8290.306550,2374.896044
163519.699189,1332.370696,-9252.574275,1455.581446
163519.699509,148.041188,-9548.656652,-459.657299
163519.699829,-592.164754,-10140.821405,-2298.286494
163519.700149,-1480.411884,-11843.295072,-76.609550
163519.700468,-3552.988522,-8364.327145,-2451.505594
163519.700788,0.000000,-10732.986159,-612.876398
163519.701108,444.123565,-9918.759623,-612.876398
163519.701427,-74.020594,-11547.212695,-76.609550
163519.701747,-2146.597232,-6735.874072,-2145.067394
163519.702067,1480.411884,-9548.656652,2757.943793
163519.702386,1776.494261,-7772.162391,612.876398
163519.702706,1406.391290,-9030.512492,612.876398
163519.703026,-222.061783,-9844.739029,842.705048
163519.703345,-2146.597232,-8290.306550,0.000000
163519.703665,-74.020594,-9474.636058,-76.609550
163519.703985,-592.164754,-8734.430116,459.657299
163519.704304,370.102971,-9474.636058,1378.971896
163519.704624,-1628.453072,-7624.121203,459.657299
163519.704944,-74.020594,-10584.944971,1685.410096
163519.705264,-1776.494261,-9548.656652,-1302.362347
163519.705583,-4737.318029,-9548.656652,-3064.381992
163519.705903,-4589.276840,-11325.150913,-1915.238745
163519.706223,-3552.988522,-10140.821405,0.000000
163519.706542,-2072.576638,-8364.327145,-2451.505594
163519.706862,2294.638420,-9178.553681,-76.609550
163519.707182,1480.411884,-8512.368333,383.047749
163519.707501,-296.082377,-7179.997637,-842.705048
163519.707821,1554.432478,-9696.697840,383.047749
163519.708141,592.164754,-9474.636058,-383.047749
163519.708460,1036.288319,-12435.459826,1072.533697
163519.708780,-2368.659014,-10362.883188,0.000000
163519.709100,2294.638420,-13027.624579,3294.210641
163519.709419,3182.885551,-10066.800811,2834.553343
163519.709739,2294.638420,-5403.503377,0.000000
163519.710059,2294.638420,-8290.306550,2374.896044
163519.710378,-74.020594,-6513.812290,1072.533697
163519.710698,0.000000,-8956.491898,-612.876398
163519.711018,-1998.556043,-8808.450710,-2987.772442
163519.711337,-1406.391290,-13915.871710,-1302.362347
163519.711657,-4293.194464,-12139.377449,-689.485948
163519.711977,-5329.482782,-8660.409521,-2451.505594
163519.712296,-1184.329507,-9252.574275,0.000000
163519.712616,1702.473667,-8586.388927,612.876398
163519.712936,-962.267725,-4811.338623,-1455.581446
163519.713255,-74.020594,-7105.977043,689.485948
163519.713575,814.226536,-7476.080014,-306.438199
163519.713895,-370.102971,-8882.471304,-1991.848295
163519.714214,-74.020594,-13027.624579,-76.609550
163519.714534,-962.267725,-11843.295072,-3064.381992
163519.714853,1702.473667,-13027.624579,-76.609550
163519.715173,0.000000,-8734.430116,-1762.019645
163519.715493,666.185348,-11843.295072,-76.609550
163519.715812,-2368.659014,-5995.668130,0.000000
163519.716132,518.144159,-8216.285956,-689.485948
163519.716452,1776.494261,-9104.533087,-229.828649
163519.716771,592.164754,-9252.574275,-1455.581446
163519.717091,-592.164754,-11177.109724,766.095498
163519.717411,-148.041188,-9030.512492,1302.362347
163519.717730,592.164754,-8660.409521,1685.410096
163519.718050,1776.494261,-7402.059420,1838.629195
163519.718370,4663.297435,-11103.089130,4519.963438
163519.718689,-74.020594,-6809.894666,1072.533697
163519.719009,-2368.659014,-5995.668130,0.000000
163519.719329,-1406.391290,-9400.615463,-2834.553343
163519.719648,-3034.844362,-12287.418637,-3907.087040
163519.719968,-3478.967927,-13101.645173,-2528.115143
163519.720288,-4145.153275,-9770.718434,-1915.238745
163519.720607,-2442.679609,-10658.965565,-689.485948
163519.720927,-740.205942,-8956.491898,-1608.800546
163519.721247,814.226536,-6735.874072,0.000000
163519.721566,1184.329507,-5995.668130,3370.820191
163519.721886,5847.626942,-8290.306550,4366.744339
163519.722206,0.000000,-5403.503377,0.000000
163519.722525,222.061783,-9474.636058,-1455.581446
163519.722845,-3627.009116,-10584.944971,-2298.286494
163519.723165,-3849.070898,-12435.459826,-1838.629195
163519.723484,-74.020594,-11843.295072,-689.485948
163519.723804,1110.308913,-11251.130318,-76.609550
163519.724124,2294.638420,-11547.212695,1762.019645
163519.724443,370.102971,-6957.935855,-229.828649
163519.724763,444.123565,-7994.224174,1149.143247
163519.725083,1184.329507,-7179.997637,1532.190996
163519.725402,-1480.411884,-9548.656652,-1225.752797
163519.725722,-2294.638420,-10066.800811,612.876398
163519.726042,-1036.288319,-9844.739029,1225.752797
163519.726361,74.020594,-8882.471304,1225.752797
163519.726681,1702.473667,-10658.965565,-76.609550
163519.727001,-1776.494261,-9548.656652,1838.629195
163519.727320,-74.020594,-8882.471304,536.266849
163519.727640,1110.308913,-10658.965565,-76.609550
163519.727960,-1554.432478,-7920.203579,-3753.867940
163519.728279,-4441.235652,-11917.315666,-919.314598
163519.728599,-4367.215058,-10066.800811,-1685.410096
163519.728919,-1998.556043,-9992.780217,-153.219100
163519.729238,-740.205942,-8660.409521,-459.657299
163519.729558,-888.247130,-7179.997637,0.000000
163519.729878,518.144159,-7105.977043,76.609550
163519.730197,592.164754,-6587.832884,612.876398
163519.730517,296.082377,-7772.162391,1225.752797
163519.730837,1110.308913,-10288.862594,-2528.115143
163519.731156,-74.020594,-15396.283594,-76.609550
163519.731476,-3552.988522,-10140.821405,-2145.067394
163519.731796,-3182.885551,-11251.130318,-1302.362347
163519.732115,-740.205942,-10140.821405,0.000000
163519.732435,3552.988522,-8734.430116,1991.848295
163519.732755,2590.720797,-4811.338623,612.876398
163519.733074,2664.741391,-6069.688724,2528.115143
163519.733394,1110.308913,-5403.503377,0.000000
163519.733714,0.000000,-8512.368333,-306.438199
163519.734033,-1850.514855,-11547.212695,-76.609550
163519.734353,-5921.647536,-9548.656652,-2451.505594
163519.734672,-1554.432478,-12287.418637,-1149.143247
163519.734992,-1036.288319,-10066.800811,-1685.410096
163519.735312,0.000000,-10881.027347,306.438199
163519.735631,296.082377,-6883.915261,0.000000
163519.735951,2516.700203,-9474.636058,842.705048
163519.736271,0.000000,-5995.668130,0.000000
163519.736590,740.205942,-9178.553681,-842.705048
163519.736910,-1924.535449,-11251.130318,-76.609550
163519.737230,-4441.235652,-8364.327145,-3677.258390
163519.737549,1110.308913,-10658.965565,-689.485948
163519.737869,0.000000,-9178.553681,-995.924147
163519.738189,-74.020594,-10510.924376,76.609550
163519.738508,-74.020594,-8068.244768,-306.438199
163519.738828,2590.720797,-11325.150913,2374.896044
163519.739148,1036.288319,-7772.162391,-1762.019645
163519.739467,-666.185348,-10066.800811,-2221.676944
163519.739787,-3552.988522,-8364.327145,-2451.505594
163519.740107,148.041188,-11399.171507,1685.410096
163519.740426,3478.967927,-11251.130318,2374.896044
163519.740746,2146.597232,-7920.203579,766.095498
163519.741066,1332.370696,-7698.141797,2221.676944
163519.741385,1702.473667,-7476.080014,1915.238745
163519.741705,2738.761985,-7402.059420,3600.648841
163519.742025,0.000000,-4811.338623,0.000000
163519.742344,-814.226536,-10436.903782,-1455.581446
163519.742664,-4441.235652,-10214.842000,-2221.676944
163519.742984,-3701.029710,-11769.274478,-2068.457845
163519.743303,-1554.432478,-10658.965565,-2528.115143
163519.743623,-74.020594,-10214.842000,-995.924147
163519.743943,-74.020594,-9326.594869,1762.019645
163519.744262,962.267725,-6809.894666,1762.019645
163519.744582,2294.638420,-7105.977043,-76.609550
163519.744902,0.000000,-7179.997637,-1532.190996
163519.745221,-2368.659014,-9844.739029,-2451.505594
163519.745541,-3478.967927,-9696.697840,-2298.286494
163519.745861,-2664.741391,-12657.521608,-1072.533697
163519.746180,-1924.535449,-9844.739029,-1685.410096
163519.746500,1110.308913,-9770.718434,-1685.410096
163519.746820,2590.720797,-8216.285956,2068.457845
163519.747139,3478.967927,-8734.430116,2451.505594
163519.747459,3775.050304,-9474.636058,2374.896044
163519.747779,-74.020594,-7402.059420,-2528.115143
163519.748098,-1776.494261,-9548.656652,1532.190996
163519.748418,-1554.432478,-8734.430116,-1302.362347
163519.748738,1036.288319,-11103.089130,1685.410096
163519.749057,-592.164754,-9178.553681,0.000000
163519.749377,-666.185348,-9548.656652,0.000000
163519.749697,-1406.391290,-8438.347739,-1915.238745
163519.750016,-1184.329507,-6587.832884,-1302.362347
163519.750336,-2368.659014,-5995.668130,-1225.752797
163519.750656,-888.247130,-9178.553681,-1072.533697
163519.750975,518.144159,-11251.130318,-76.609550
163519.751295,-3552.988522,-9548.656652,-1838.629195
163519.751615,-2442.679609,-10955.047942,-995.924147
163519.751934,-2442.679609,-9992.780217,-2374.896044
163519.752254,-666.185348,-11473.192101,0.000000
163519.752574,-74.020594,-7254.018232,76.609550
163519.752893,2886.803174,-10658.965565,2834.553343
163519.753213,2294.638420,-7105.977043,-689.485948
163519.753533,74.020594,-8512.368333,-1302.362347
163519.753852,-1406.391290,-8364.327145,-2221.676944
163519.754172,-592.164754,-11695.253884,1149.143247
163519.754492,-2368.659014,-9696.697840,0.000000
163519.754811,518.144159,-9770.718434,-842.705048
163519.755131,1702.473667,-10658.965565,1838.629195
163519.755450,2146.597232,-7402.059420,1608.800546
163519.755770,3478.967927,-7105.977043,1225.752797
163519.756090,2072.576638,-7179.997637,306.438199
163519.756409,814.226536,-9474.636058,0.000000
163519.756729,-1258.350101,-11251.130318,-1302.362347
163519.757049,-3627.009116,-10658.965565,-3753.867940
163519.757368,-2368.659014,-13989.892304,-689.485948
163519.757688,-1554.432478,-11177.109724,-1762.019645
163519.758008,222.061783,-10658.965565,1991.848295
163519.758327,2294.638420,-7624.121203,2834.553343
163519.758647,2368.659014,-5403.503377,1225.752797
163519.758967,592.164754,-3923.091493,0.000000
163519.759286,296.082377,-8068.244768,0.000000
163519.759606,-1480.411884,-9104.533087,-153.219100
163519.759926,-3034.844362,-11251.130318,-2528.115143
163519.760245,-2442.679609,-11843.295072,-1915.238745
163519.760565,-2368.659014,-13175.665768,-1072.533697
163519.760885,-740.205942,-11177.109724,0.000000
163519.761204,740.205942,-8438.347739,-306.438199
163519.761524,740.205942,-8290.306550,229.828649
163519.761844,-2368.659014,-4811.338623,-3677.258390
163519.762163,-1258.350101,-10658.965565,-76.609550
163519.762483,-1554.432478,-8142.265362,-1991.848295
163519.762803,-1184.329507,-8956.491898,153.219100
163519.763122,-74.020594,-11843.295072,2221.676944
163519.763442,3478.967927,-11251.130318,2374.896044
163519.763762,1184.329507,-7179.997637,766.095498
163519.764081,222.061783,-8290.306550,2145.067394
163519.764401,1924.535449,-8364.327145,842.705048
163519.764721,740.205942,-7698.141797,-229.828649
163519.765040,-74.020594,-10955.047942,-76.609550
163519.765360,-1110.308913,-11547.212695,-689.485948
163519.765680,-2590.720797,-12435.459826,-689.485948
163519.765999,-1554.432478,-7698.141797,-1915.238745
163519.766319,0.000000,-9548.656652,0.000000
163519.766639,2294.638420,-9474.636058,2374.896044
163519.766958,740.205942,-7179.997637,919.314598
163519.767278,74.020594,-6883.915261,0.000000
163519.767598,-740.205942,-8882.471304,-1838.629195
163519.767917,-3552.988522,-9548.656652,-1225.752797
163519.768237,-4737.318029,-10732.986159,-3370.820191
163519.768557,-2368.659014,-11547.212695,-1685.410096
163519.768876,-74.020594,-11843.295072,-2834.553343
163519.769196,-370.102971,-10658.965565,153.219100
163519.769516,2294.638420,-7105.977043,-689.485948
163519.769835,4663.297435,-9400.615463,3447.429741
163519.770155,2516.700203,-6957.935855,919.314598
163519.770475,1776.494261,-8142.265362,306.438199
163519.770794,296.082377,-8290.306550,-76.609550
163519.771114,-2072.576638,-7179.997637,-2451.505594
163519.771434,-962.267725,-9548.656652,-3677.258390
163519.771753,0.000000,-10732.986159,-1838.629195
163519.772073,-74.020594,-11843.295072,536.266849
163519.772393,962.267725,-9178.553681,1149.143247
163519.772712,2812.782580,-10955.047942,3907.087040
163519.773032,1480.411884,-6365.771101,919.314598
163519.773352,740.205942,-8068.244768,76.609550
163519.773671,-1924.535449,-7772.162391,-842.705048
163519.773991,-4737.318029,-8660.409521,-2451.505594
163519.774311,-1480.411884,-9770.718434,-1838.629195
163519.774630,-1554.432478,-11399.171507,-1915.238745
163519.774950,-2886.803174,-9548.656652,-1225.752797
163519.775269,-2368.659014,-7179.997637,-2451.505594
163519.775589,1776.494261,-9548.656652,3677.258390
163519.775909,0.000000,-7179.997637,0.000000
163519.776228,-222.061783,-9178.553681,-306.438199
163519.776548,-1924.535449,-8512.368333,-1532.190996
163519.776868,-962.267725,-10362.883188,-612.876398
163519.777187,-74.020594,-10658.965565,-2834.553343
163519.777507,-1332.370696,-11621.233289,-459.657299
163519.777827,-1036.288319,-9844.739029,153.219100
163519.778146,1406.391290,-9252.574275,2068.457845
163519.778466,3034.844362,-7254.018232,2374.896044
163519.778786,1184.329507,-6587.832884,919.314598
163519.779105,-2368.659014,-6587.832884,0.000000
163519.779425,-1924.535449,-9104.533087,-612.876398
163519.779745,-1258.350101,-11251.130318,-76.609550
163519.780064,-2368.659014,-9548.656652,-3064.381992
163519.780384,-74.020594,-11843.295072,-689.485948
163519.780704,-1480.411884,-9622.677246,612.876398
163519.781023,1110.308913,-8512.368333,612.876398
163519.781343,1110.308913,-7994.224174,842.705048
163519.781663,1184.329507,-7698.141797,0.000000
163519.781982,-148.041188,-9178.553681,459.657299
163519.782302,-2368.659014,-7920.203579,-1149.143247
163519.782622,0.000000,-8364.327145,-2451.505594
163519.782941,-1776.494261,-9548.656652,-1838.629195
163519.783261,-1258.350101,-8956.491898,-2451.505594
163519.783581,-74.020594,-8882.471304,-1608.800546
163519.783900,1184.329507,-10362.883188,1378.971896
163519.784220,2220.617826,-7994.224174,-306.438199
163519.784540,962.267725,-9252.574275,-459.657299
163519.784859,222.061783,-10066.800811,1149.143247
163519.785179,0.000000,-8290.306550,-1455.581446
163519.785499,296.082377,-8586.388927,-2221.676944
163519.785818,0.000000,-8364.327145,-1838.629195
163519.786138,1406.391290,-12879.583391,-76.609550
163519.786458,-1332.370696,-7179.997637,-2451.505594
163519.786777,3256.906145,-9770.718434,2298.286494
163519.787097,1184.329507,-7254.018232,76.609550
163519.787417,296.082377,-8660.409521,229.828649
163519.787736,-444.123565,-8882.471304,1149.143247
163519.788056,962.267725,-11251.130318,3294.210641
163519.788376,-74.020594,-10436.903782,1302.362347
163519.788695,-1554.432478,-9474.636058,-2528.115143
163519.789015,-3256.906145,-9696.697840,-1225.752797
163519.789335,-2368.659014,-9548.656652,0.000000
163519.789654,-74.020594,-9030.512492,-766.095498
163519.789974,-814.226536,-9474.636058,-1072.533697
163519.790294,-1554.432478,-10288.862594,0.000000
163519.790613,-1628.453072,-8586.388927,-919.314598
163519.790933,1554.432478,-11103.089130,-76.609550
163519.791253,-2368.659014,-7179.997637,-3064.381992
163519.791572,-74.020594,-10955.047942,-1302.362347
163519.791892,-1850.514855,-10214.842000,-536.266849
163519.792212,518.144159,-8660.409521,0.000000
163519.792531,0.000000,-6587.832884,0.000000
163519.792851,518.144159,-7105.977043,-383.047749
163519.793171,0.000000,-8438.347739,766.095498
163519.793490,-592.164754,-7105.977043,0.000000
163519.793810,0.000000,-8660.409521,995.924147
163519.794130,-370.102971,-7105.977043,-1915.238745
163519.794449,-3182.885551,-9696.697840,-2374.896044
163519.794769,-2294.638420,-9548.656652,-3064.381992
163519.795089,0.000000,-10732.986159,1225.752797
163519.795408,1702.473667,-9474.636058,842.705048
163519.795728,0.000000,-7476.080014,0.000000
163519.796047,0.000000,-9548.656652,1225.752797
163519.796367,518.144159,-7994.224174,612.876398
163519.796687,0.000000,-7920.203579,-229.828649
163519.797006,-2442.679609,-8290.306550,-3753.867940
163519.797326,-1258.350101,-13027.624579,-1302.362347
163519.797646,-1258.350101,-11251.130318,-76.609550
163519.797965,0.000000,-9548.656652,612.876398
163519.798285,1924.535449,-9474.636058,766.095498
163519.798605,0.000000,-9548.656652,1532.190996
163519.798924,-2368.659014,-6587.832884,0.000000
163519.799244,0.000000,-8364.327145,-995.924147
163519.799564,-1850.514855,-10140.821405,-1915.238745
163519.799883,-2072.576638,-10510.924376,-3753.867940
163519.800203,-74.020594,-13027.624579,-1302.362347
163519.800523,0.000000,-10436.903782,612.876398
163519.800842,2886.803174,-11843.295072,1149.143247
163519.801162,888.247130,-7476.080014,0.000000
163519.801482,0.000000,-7179.997637,0.000000
163519.801801,1184.329507,-7328.038826,2451.505594
163519.802121,222.061783,-7402.059420,1072.533697
163519.802441,888.247130,-7772.162391,306.438199
163519.802760,296.082377,-8586.388927,-536.266849
163519.803080,-592.164754,-9548.656652,0.000000
163519.803400,-740.205942,-8660.409521,-1762.019645
163519.803719,-2072.576638,-9844.739029,0.000000
163519.804039,148.041188,-8808.450710,-3064.381992
163519.804359,-74.020594,-11547.212695,1378.971896
163519.804678,-74.020594,-10658.965565,-76.609550
163519.804998,-2368.659014,-8364.327145,0.000000
163519.805318,-1258.350101,-8142.265362,-1685.410096
163519.805637,-2072.576638,-9474.636058,-2221.676944
163519.805957,-1406.391290,-10732.986159,-383.047749
163519.806277,-666.185348,-7846.182985,-1455.581446
163519.806596,1110.308913,-9474.636058,-76.609550
163519.806916,-814.226536,-6069.688724,-4366.744339
163519.807236,-2368.659014,-10140.821405,0.000000
163519.807555,-148.041188,-9474.636058,689.485948
163519.807875,1702.473667,-10658.965565,2374.896044
163519.808195,-2368.659014,-7772.162391,-3064.381992
163519.808514,-1258.350101,-9918.759623,-2298.286494
163519.808834,-518.144159,-10436.903782,-153.219100
163519.809154,1184.329507,-9178.553681,306.438199
163519.809473,2294.638420,-7920.203579,-689.485948
163519.809793,2294.638420,-10658.965565,-76.609550
163519.810113,1998.556043,-7994.224174,536.266849
163519.810432,2368.659014,-6587.832884,1378.971896
163519.810752,2368.659014,-6587.832884,3217.601092
163519.811072,0.000000,-5995.668130,0.000000
163519.811391,2294.638420,-10732.986159,306.438199
163519.811711,1554.432478,-7920.203579,-1532.190996
163519.812031,2368.659014,-9696.697840,76.609550
163519.812350,3478.967927,-9474.636058,-1915.238745
163519.812670,1998.556043,-10658.965565,-1838.629195
163519.812990,888.247130,-9548.656652,0.000000
163519.813310,2812.782580,-8956.491898,0.000000
163519.813629,4663.297435,-11843.295072,-76.609550
163519.813949,3182.885551,-7179.997637,-4596.572988
163519.814269,5255.462188,-9474.636058,-689.485948
163519.814588,4811.338623,-8586.388927,76.609550
163519.814908,6291.750507,-9622.677246,306.438199
163519.815228,7105.977043,-9178.553681,-76.609550
163519.815547,8290.306550,-11399.171507,1991.848295
163519.815867,4737.318029,-10214.842000,-306.438199
163519.816187,5107.421000,-11251.130318,612.876398
163519.816506,5403.503377,-10436.903782,0.000000
163519.816826,5181.441594,-7994.224174,-2145.067394
163519.817146,3627.009116,-6883.915261,-2451.505594
163519.817465,4663.297435,-8290.306550,-2834.553343
163519.817785,3552.988522,-8956.491898,-1225.752797
163519.818105,6365.771101,-9844.739029,919.314598
163519.818424,5847.626942,-9474.636058,1762.019645
163519.818744,6513.812290,-10807.006753,3524.039291
163519.819064,5255.462188,-8882.471304,1915.238745
163519.819384,3627.009116,-8734.430116,1991.848295
163519.819703,1850.514855,-9326.594869,1225.752797
163519.820023,1184.329507,-8290.306550,-1225.752797
163519.820343,0.000000,-7772.162391,-3524.039291
163519.820662,-370.102971,-7846.182985,-4673.182538
163519.820982,-1480.411884,-7179.997637,-6741.640382
163519.821302,-1480.411884,-9548.656652,-3370.820191
163519.821621,5255.462188,-13027.624579,-76.609550
163519.821941,2960.823768,-9844.739029,612.876398
163519.822261,2886.803174,-9400.615463,766.095498
163519.822580,3701.029710,-10066.800811,1532.190996
163519.822900,3108.864956,-10066.800811,1532.190996
163519.823220,0.000000,-9548.656652,1225.752797
163519.823539,1110.308913,-8734.430116,995.924147
163519.823859,1998.556043,-9178.553681,1149.143247
163519.824179,1702.473667,-6217.729913,-2068.457845
163519.824498,888.247130,-7624.121203,-2451.505594
163519.824818,2886.803174,-11251.130318,-76.609550
163519.825138,148.041188,-8660.409521,-2145.067394
163519.825457,592.164754,-10584.944971,-842.705048
163519.825777,666.185348,-11177.109724,-229.828649
163519.826097,0.000000,-9696.697840,0.000000
163519.826417,0.000000,-9548.656652,1225.752797
163519.826736,814.226536,-7179.997637,0.000000
163519.827056,1776.494261,-8956.491898,1991.848295
163519.827376,1554.432478,-9474.636058,2298.286494
163519.827695,-74.020594,-7994.224174,-1302.362347
163519.828015,962.267725,-9474.636058,-76.609550
163519.828335,888.247130,-7031.956449,-2068.457845
163519.828654,2368.659014,-7476.080014,-2528.115143
163519.828974,2442.679609,-9400.615463,-1991.848295
163519.829294,148.041188,-9548.656652,-2911.162892
163519.829613,2294.638420,-11843.295072,-1302.362347
163519.829933,592.164754,-11473.192101,-1532.190996
163519.830253,1776.494261,-11029.068536,0.000000
163519.830572,5033.400406,-12139.377449,2834.553343
163519.830892,6439.791695,-7698.141797,-76.609550
163519.831212,4589.276840,-7179.997637,919.314598
163519.831531,4145.153275,-7920.203579,842.705048
163519.831851,4145.153275,-7920.203579,-383.047749
163519.832171,2812.782580,-8660.409521,-1302.362347
163519.832491,2368.659014,-10214.842000,-919.314598
163519.832810,2294.638420,-11547.212695,-536.266849
163519.833130,4071.132681,-11843.295072,-76.609550
163519.833450,4959.379811,-7402.059420,-1762.019645
163519.833769,5921.647536,-7772.162391,0.000000
163519.834089,9400.615463,-10658.965565,2374.896044
163519.834409,6661.853478,-8512.368333,3140.991542
163519.834728,4959.379811,-8364.327145,766.095498
163519.835048,3182.885551,-9918.759623,-383.047749
163519.835368,1628.453072,-12213.398043,-459.657299
163519.835687,0.000000,-12361.439231,0.000000
163519.836007,-1184.329507,-9844.739029,0.000000
163519.836327,1110.308913,-9474.636058,-1302.362347
163519.836646,3478.967927,-7476.080014,-2068.457845
163519.836966,5551.544565,-5403.503377,-2451.505594
163519.837286,8216.285956,-8290.306550,2374.896044
163519.837605,5847.626942,-6661.853478,1225.752797
163519.837925,4219.173869,-8216.285956,-612.876398
163519.838245,2812.782580,-11251.130318,-2145.067394
163519.838565,592.164754,-11917.315666,-2451.505594
163519.838884,-1850.514855,-12657.521608,-1302.362347
163519.839204,-3552.988522,-11917.315666,-1225.752797
163519.839524,-1036.288319,-10436.903782,-2451.505594
163519.839843,2664.741391,-7179.997637,-76.609550
163519.840163,5255.462188,-2738.761985,-2757.943793
163519.840483,8882.471304,-6217.729913,1685.410096
163519.840802,9252.574275,-7698.141797,2834.553343
163519.841122,7402.059420,-8660.409521,3140.991542
163519.841442,3182.885551,-8882.471304,1149.143247
163519.841761,-1850.514855,-11103.089130,-3447.429741
163519.842081,-2442.679609,-13027.624579,-4519.963438
163519.842401,-1406.391290,-14804.118840,-1915.238745
163519.842720,0.000000,-13175.665768,0.000000
163519.843040,-4145.153275,-11029.068536,0.000000
163519.843360,-3034.844362,-9178.553681,-1915.238745
163519.843679,-2960.823768,-7105.977043,-1149.143247
163519.843999,296.082377,-3775.050304,76.609550
163519.844319,4293.194464,-2294.638420,995.924147
163519.844638,9252.574275,-4737.318029,4213.525239
163519.844958,8142.265362,-5699.585753,1838.629195
163519.845278,7920.203579,-11103.089130,3600.648841
163519.845598,2294.638420,-13323.706956,-1302.362347
163519.845917,-2368.659014,-16358.551318,-2911.162892
163519.846237,-7105.977043,-14285.974681,-6741.640382
163519.846557,-4811.338623,-14730.098246,-5132.839837
163519.846876,-2812.782580,-12731.542202,-2987.772442
163519.847196,2738.761985,-9474.636058,306.438199
163519.847516,7994.224174,-5329.482782,3370.820191
163519.847835,12953.603985,-3330.926739,5209.449386
163519.848155,7105.977043,-666.185348,2451.505594
163519.848475,9030.512492,-6809.894666,3907.087040
163519.848794,6439.791695,-8882.471304,1762.019645
163519.849114,4071.132681,-12509.480420,0.000000
163519.849434,2294.638420,-15396.283594,-76.609550
163519.849753,-2368.659014,-13471.748144,-919.314598
163519.850073,-3701.029710,-11769.274478,-2528.115143
163519.850393,-1776.494261,-9770.718434,-3064.381992
163519.850712,2368.659014,-8512.368333,-76.609550
163519.851032,4367.215058,-6883.915261,-536.266849
163519.851352,5255.462188,-5329.482782,-995.924147
163519.851672,4737.318029,-4811.338623,-2834.553343
163519.851991,4737.318029,-7476.080014,0.000000
163519.852311,7624.121203,-13027.624579,-76.609550
163519.852631,3552.988522,-12435.459826,1378.971896
163519.852950,3330.926739,-13249.686362,612.876398
163519.853270,2442.679609,-12583.501014,919.314598
163519.853590,2368.659014,-11917.315666,-306.438199
163519.853909,0.000000,-9548.656652,-2451.505594
163519.854229,2738.761985,-9326.594869,-1302.362347
163519.854549,2220.617826,-7402.059420,-1991.848295
163519.854868,2146.597232,-6291.750507,-3140.991542
163519.855188,1850.514855,-5921.647536,-3753.867940
163519.855508,4663.297435,-7105.977043,-3140.991542
163519.855827,3552.988522,-8512.368333,-612.876398
163519.856147,4071.132681,-11103.089130,-229.828649
163519.856467,2590.720797,-14211.954086,-76.609550
163519.856786,0.000000,-12213.398043,612.876398
163519.857106,-3552.988522,-11325.150913,-2145.067394
163519.857426,-1702.473667,-11769.274478,76.609550
163519.857745,-1184.329507,-8956.491898,-383.047749
163519.858065,0.000000,-6217.729913,-536.266849
163519.858385,1110.308913,-4515.256246,-1302.362347
163519.858705,-962.267725,-4145.153275,-2911.162892
163519.859024,-1332.370696,-6143.709319,-4519.963438
163519.859344,-3108.864956,-8068.244768,-5669.106685
163519.859664,-3627.009116,-11251.130318,-7431.126331
163519.859983,-6809.894666,-10732.986159,-6741.640382
163519.860303,-4959.379811,-11991.336260,-7431.126331
163519.860623,-2738.761985,-11621.233289,-5745.716235
163519.860942,-592.164754,-10436.903782,-4673.182538
163519.861262,666.185348,-9326.594869,-4213.525239
163519.861582,2294.638420,-8734.430116,-4979.620737
163519.861901,0.000000,-8364.327145,-3524.039291
163519.862221,0.000000,-8364.327145,-4290.134789
163519.862541,0.000000,-10584.944971,-2911.162892
163519.862860,-740.205942,-10140.821405,-3140.991542
163519.863180,-2960.823768,-7772.162391,-4596.572988
163519.863500,-2738.761985,-7402.059420,-7354.516781
163519.863819,-2294.638420,-6735.874072,-8810.098227
163519.864139,-2220.617826,-7402.059420,-9499.584175
163519.864459,-2664.741391,-6883.915261,-10648.727422
163519.864779,-2442.679609,-9474.636058,-10725.336972
163519.865098,-74.020594,-14211.954086,-8044.002729
163519.865418,-962.267725,-14063.912898,-7431.126331
163519.865738,-518.144159,-13323.706956,-3753.867940
163519.866057,1332.370696,-12953.603985,995.924147
163519.866377,296.082377,-7772.162391,0.000000
163519.866697,2738.761985,-5625.565159,-1455.581446
163519.867016,4515.256246,-3849.070898,-2834.553343
163519.867336,4441.235652,-2960.823768,-5286.058936
163519.867656,2294.638420,-4737.318029,-8503.660028
163519.867975,-1184.329507,-9548.656652,-10878.556072
163519.868295,-2442.679609,-14211.954086,-11414.822920
163519.868615,-2442.679609,-18949.272115,-7431.126331
163519.868934,-4219.173869,-15988.448347,-7431.126331
163519.869254,-2516.700203,-13471.748144,-2834.553343
163519.869574,-888.247130,-7772.162391,-3907.087040
163519.869893,3849.070898,-6883.915261,-1608.800546
163519.870213,7254.018232,-6069.688724,2374.896044
163519.870533,7994.224174,-4515.256246,2757.943793
163519.870852,5921.647536,-3923.091493,1225.752797
163519.871172,4145.153275,-5403.503377,-1532.190996
163519.871492,2368.659014,-7179.997637,-3677.258390
163519.871812,-74.020594,-10362.883188,-7737.564530
163519.872131,-4219.173869,-11843.295072,-9882.631924
163519.872451,-4145.153275,-18727.210333,-6205.373534
163519.872771,-4885.359217,-17987.004391,-5362.668486
163519.873090,-4441.235652,-15766.386565,-3294.210641
163519.873410,-3108.864956,-12657.521608,76.609550
163519.873730,0.000000,-4959.379811,1225.752797
163519.874049,3256.906145,-666.185348,6741.640382
163519.874369,8808.450710,2368.659014,6052.154434
163519.874689,7105.977043,3182.885551,4903.011187
163519.875008,5995.668130,-3108.864956,1225.752797
163519.875328,-74.020594,-8882.471304,-1302.362347
163519.875648,-8586.388927,-13767.830521,-6128.763984
163519.875967,-14211.954086,-17172.777854,-10342.289223
163519.876287,-14582.057057,-19985.560434,-11491.432470
163519.876607,-9474.636058,-19541.436869,-7660.954980
163519.876926,-4737.318029,-11917.315666,-2528.115143
163519.877246,2294.638420,-7994.224174,2987.772442
163519.877566,4959.379811,-2368.659014,3907.087040
163519.877886,8438.347739,-1258.350101,2451.505594
163519.878205,10658.965565,-3034.844362,7967.393179
163519.878525,9400.615463,-4737.318029,7277.907231
163519.878845,0.000000,-7031.956449,2681.334243
163519.879164,-4071.132681,-10288.862594,-2834.553343
163519.879484,-5847.626942,-12731.542202,-5362.668486
163519.879804,-6957.935855,-13397.727550,-5515.887586
163519.880123,-6809.894666,-13397.727550,-7354.516781
163519.880443,-4811.338623,-15988.448347,-6205.373534
163519.880763,-1258.350101,-14804.118840,-2681.334243
163519.881082,-666.185348,-10066.800811,-2221.676944
163519.881402,814.226536,-5107.421000,-995.924147
163519.881722,5847.626942,-5921.647536,2987.772442
163519.882041,4885.359217,-3478.967927,3830.477490
163519.882361,6365.771101,-2368.659014,3983.696590
163519.882681,4811.338623,-4737.318029,919.314598
163519.883000,0.000000,-7179.997637,-2451.505594
163519.883320,-4145.153275,-10732.986159,-7048.078582
163519.883640,-8290.306550,-13693.809927,-10725.336972
163519.883960,-7105.977043,-16654.633695,-10955.165621
163519.884279,-4145.153275,-17098.757260,-9806.022374
163519.884599,-1258.350101,-12361.439231,-6511.811733
163519.884919,1406.391290,-9178.553681,-2145.067394
163519.885238,4145.153275,-5995.668130,-689.485948
163519.885558,6365.771101,-4145.153275,1991.848295
163519.885878,6365.771101,-4219.173869,3294.210641
163519.886197,4737.318029,-2442.679609,2451.505594
163519.886517,3478.967927,-2886.803174,-2451.505594
163519.886837,1184.329507,-7254.018232,-3370.820191
163519.887156,-2442.679609,-9770.718434,-6511.811733
163519.887476,-4811.338623,-11843.295072,-11108.384721
163519.887796,-4811.338623,-16580.613101,-8963.317327
163519.888115,-6513.812290,-14730.098246,-10112.460574
163519.888435,-4071.132681,-14508.036463,-7354.516781
163519.888755,-518.144159,-11547.212695,-4136.915689
163519.889074,0.000000,-6587.832884,0.000000
163519.889394,4145.153275,-5699.585753,1532.190996
163519.889714,4885.359217,-5033.400406,2068.457845
163519.890033,4367.215058,-6513.812290,2374.896044
163519.890353,2294.638420,-4219.173869,-2374.896044
163519.890673,0.000000,-7179.997637,-1225.752797
163519.890993,-3552.988522,-8068.244768,-7967.393179
163519.891312,-6439.791695,-12213.398043,-9959.241474
163519.891632,-6735.874072,-14656.077652,-11951.089769
163519.891952,-6735.874072,-15840.407159,-11644.651570
163519.892271,-2442.679609,-15396.283594,-9882.631924
163519.892591,-2960.823768,-12435.459826,-6588.421283
163519.892911,-962.267725,-11325.150913,-3907.087040
163519.893230,3256.906145,-8438.347739,-153.219100
163519.893550,7624.121203,-7105.977043,3907.087040
163519.893870,8290.306550,-3627.009116,4213.525239
163519.894189,3552.988522,-1258.350101,1225.752797
163519.894509,3108.864956,-5329.482782,-1378.971896
163519.894829,518.144159,-7105.977043,-4979.620737
163519.895148,-3256.906145,-8364.327145,-9193.145976
163519.895468,-2442.679609,-14211.954086,-8044.002729
163519.895788,-5255.462188,-15248.242405,-10112.460574
163519.896107,-7179.997637,-15396.283594,-9729.412825
163519.896427,-4959.379811,-15174.221811,-5592.497135
163519.896747,-1776.494261,-11399.171507,-2528.115143
163519.897067,2146.597232,-7402.059420,-76.609550
163519.897386,3256.906145,-3034.844362,612.876398
163519.897706,1776.494261,-74.020594,0.000000
163519.898026,3701.029710,-3627.009116,1378.971896
163519.898345,1406.391290,-1850.514855,-3370.820191
163519.898665,1924.535449,-9326.594869,-4366.744339
163519.898985,-2664.741391,-11917.315666,-7354.516781
163519.899304,-4885.359217,-14656.077652,-7660.954980
163519.899624,-5033.400406,-16358.551318,-6511.811733
163519.899944,-1554.432478,-16580.613101,-3753.867940
163519.900263,-370.102971,-12435.459826,-3140.991542
163519.900583,-74.020594,-9474.636058,-2528.115143
163519.900903,592.164754,-5995.668130,0.000000
163519.901222,3034.844362,-4811.338623,1225.752797
163519.901542,4737.318029,-2442.679609,0.000000
163519.901862,5033.400406,-4959.379811,383.047749
163519.902181,0.000000,-7105.977043,306.438199
163519.902501,-74.020594,-10732.986159,-459.657299
163519.902821,1406.391290,-13619.789333,-76.609550
163519.903140,-74.020594,-15100.201217,-1838.629195
163519.903460,-3552.988522,-13989.892304,-306.438199
163519.903780,-4811.338623,-11547.212695,-2528.115143
163519.904100,-2442.679609,-13027.624579,-76.609550
163519.904419,-2368.659014,-5403.503377,-2451.505594
163519.904739,-666.185348,-7698.141797,689.485948
163519.905059,-148.041188,-6809.894666,2757.943793
163519.905378,962.267725,-6291.750507,4443.353888
163519.905698,1850.514855,-7179.997637,3600.648841
163519.906018,1998.556043,-7476.080014,3600.648841
163519.906337,-2368.659014,-8956.491898,3677.258390
163519.906657,370.102971,-10066.800811,4136.915689
163519.906977,370.102971,-10362.883188,-76.609550
163519.907296,-2664.741391,-9770.718434,-1455.581446
163519.907616,-4737.318029,-9548.656652,0.000000
163519.907936,-3330.926739,-11547.212695,0.000000
163519.908255,-888.247130,-10732.986159,1608.800546
163519.908575,-370.102971,-9992.780217,2068.457845
163519.908895,370.102971,-8364.327145,3370.820191
163519.909214,1110.308913,-6587.832884,4826.401637
163519.909534,1702.473667,-5551.544565,6971.469032
163519.909854,1110.308913,-3923.091493,3064.381992
163519.910174,0.000000,-6291.750507,2757.943793
163519.910493,-74.020594,-12879.583391,4519.963438
163519.910813,-4441.235652,-9548.656652,612.876398
163519.911133,-1702.473667,-13619.789333,1838.629195
163519.911452,-2072.576638,-11843.295072,612.876398
163519.911772,-2812.782580,-11843.295072,1838.629195
163519.912092,-1258.350101,-7105.977043,2374.896044
163519.912412,-74.020594,-7105.977043,1762.019645
163519.912731,1702.473667,-9474.636058,2987.772442
163519.913051,2294.638420,-7698.141797,1149.143247
163519.913371,-1184.329507,-8364.327145,3217.601092
163519.913691,-1776.494261,-9548.656652,3753.867940
163519.914010,-814.226536,-10436.903782,536.266849
163519.914330,-1998.556043,-10288.862594,-1608.800546
163519.914650,-888.247130,-10140.821405,689.485948
163519.914970,0.000000,-7846.182985,1378.971896
163519.915289,666.185348,-7772.162391,76.609550
163519.915609,2294.638420,-10658.965565,-689.485948
163519.915929,-74.020594,-10658.965565,-3140.991542
163519.916249,-3478.967927,-9696.697840,-2145.067394
163519.916568,-3552.988522,-9548.656652,0.000000
163519.916888,2294.638420,-13027.624579,-76.609550
163519.917208,888.247130,-8956.491898,-766.095498
163519.917528,1924.535449,-7920.203579,1762.019645
163519.917847,2368.659014,-4811.338623,2145.067394
163519.918167,2738.761985,-6883.915261,1225.752797
163519.918487,1702.473667,-7402.059420,-4136.915689
163519.918806,-1480.411884,-12583.501014,-3294.210641
163519.919126,-3182.885551,-11843.295072,-2451.505594
163519.919446,-1850.514855,-13027.624579,-3753.867940
163519.919766,-2368.659014,-11103.089130,-5592.497135
163519.920085,-74.020594,-13619.789333,-1915.238745
163519.920405,-518.144159,-9548.656652,-766.095498
163519.920725,888.247130,-6809.894666,0.000000
163519.921045,1258.350101,-6957.935855,-1378.971896
163519.921364,0.000000,-4811.338623,-4903.011187
163519.921684,-1776.494261,-8734.430116,-4749.792088
163519.922004,-1554.432478,-9548.656652,-3677.258390
163519.922324,444.123565,-11843.295072,-689.485948
163519.922643,-74.020594,-11843.295072,-4366.744339
163519.922963,1702.473667,-13027.624579,-3753.867940
163519.923283,1184.329507,-11177.109724,-459.657299
163519.923603,962.267725,-7698.141797,153.219100
163519.923922,1332.370696,-7402.059420,-1838.629195
163519.924242,0.000000,-8216.285956,-4979.620737
163519.924562,-2368.659014,-7179.997637,-4903.011187
163519.924882,-1850.514855,-8290.306550,-3140.991542
163519.925201,-2368.659014,-8364.327145,-2145.067394
163519.925521,-148.041188,-10066.800811,-2068.457845
163519.925841,1702.473667,-12065.356855,995.924147
163519.926161,1184.329507,-9548.656652,3064.381992
163519.926480,888.247130,-8364.327145,1455.581446
163519.926800,1036.288319,-7328.038826,-842.705048
163519.927120,-518.144159,-8142.265362,-3140.991542
163519.927440,-2368.659014,-9548.656652,-3064.381992
163519.927759,-1184.329507,-9548.656652,-919.314598
163519.928079,-296.082377,-12361.439231,766.095498
163519.928399,-666.185348,-10066.800811,-1608.800546
163519.928719,-74.020594,-11843.295072,-1302.362347
163519.929038,-1628.453072,-8364.327145,1225.752797
163519.929358,0.000000,-6883.915261,383.047749
163519.929678,592.164754,-7772.162391,-536.266849
163519.929998,0.000000,-9622.677246,-536.266849
163519.930317,-666.185348,-9992.780217,-536.266849
163519.930637,-74.020594,-11251.130318,-76.609550
163519.930957,-1480.411884,-11029.068536,0.000000
163519.931276,-666.185348,-11029.068536,-1455.581446
163519.931596,370.102971,-11103.089130,1378.971896
163519.931916,740.205942,-8142.265362,4826.401637
163519.932236,1184.329507,-7179.997637,3677.258390
163519.932555,0.000000,-5995.668130,0.000000
163519.932875,888.247130,-10881.027347,766.095498
163519.933195,-74.020594,-9474.636058,2834.553343
163519.933515,-2294.638420,-8660.409521,306.438199
163519.933834,-74.020594,-9474.636058,-76.609550
163519.934154,-740.205942,-9992.780217,0.000000
163519.934474,1258.350101,-10214.842000,3600.648841
163519.934794,2072.576638,-7698.141797,5362.668486
163519.935113,740.205942,-7772.162391,4903.011187
163519.935433,-74.020594,-7105.977043,689.485948
163519.935753,-3034.844362,-8290.306550,-1378.971896
163519.936073,-3849.070898,-7402.059420,-1915.238745
163519.936392,-4145.153275,-10140.821405,919.314598
163519.936712,-2442.679609,-9622.677246,-1915.238745
163519.937032,-74.020594,-12731.542202,1915.238745
163519.937352,-1036.288319,-9548.656652,3217.601092
163519.937671,0.000000,-6587.832884,3600.648841
163519.937991,1184.329507,-6143.709319,2528.115143
163519.938311,1480.411884,-7698.141797,1149.143247
163519.938631,1184.329507,-8956.491898,612.876398
163519.938950,-1850.514855,-7105.977043,-1302.362347
163519.939270,-4145.153275,-10140.821405,0.000000
163519.939590,-2072.576638,-11991.336260,-2528.115143
163519.939910,-370.102971,-12879.583391,-4979.620737
163519.940229,444.123565,-12361.439231,1149.143247
163519.940549,740.205942,-10288.862594,2604.724693
163519.940869,1110.308913,-8364.327145,1455.581446
163519.941189,1702.473667,-8290.306550,-76.609550
163519.941508,962.267725,-9030.512492,-76.609550
163519.941828,0.000000,-7772.162391,306.438199
163519.942148,1702.473667,-11843.295072,-76.609550
163519.942468,-962.267725,-9400.615463,-2528.115143
163519.942787,-2368.659014,-10140.821405,-2451.505594
163519.943107,-666.185348,-8882.471304,-1302.362347
163519.943427,0.000000,-10214.842000,1608.800546
163519.943746,888.247130,-7698.141797,-1072.533697
163519.944066,-222.061783,-8364.327145,-2298.286494
163519.944386,-148.041188,-9548.656652,-1225.752797
163519.944706,-1850.514855,-7994.224174,-3217.601092
163519.945025,-2960.823768,-9548.656652,-3064.381992
163519.945345,-1184.329507,-10140.821405,-3677.258390
163519.945665,2294.638420,-13027.624579,-76.609550
163519.945985,0.000000,-5995.668130,0.000000
163519.946304,2886.803174,-8882.471304,1455.581446
163519.946624,518.144159,-6883.915261,-1455.581446
163519.946944,-222.061783,-8438.347739,-2604.724693
163519.947264,-1036.288319,-7920.203579,-2451.505594
163519.947583,-962.267725,-9474.636058,-2528.115143
163519.947903,-1258.350101,-9844.739029,-3907.087040
163519.948223,-1776.494261,-10362.883188,-4366.744339
163519.948543,-2368.659014,-10732.986159,0.000000
163519.948862,518.144159,-8586.388927,766.095498
163519.949182,1184.329507,-9400.615463,3447.429741
163519.949502,370.102971,-6809.894666,-2221.676944
163519.949822,592.164754,-8956.491898,-995.924147
163519.950141,-666.185348,-7402.059420,-1685.410096
163519.950461,-1998.556043,-7179.997637,-2221.676944
163519.950781,-1850.514855,-9030.512492,-4366.744339
163519.951101,-1850.514855,-11843.295072,-2681.334243
163519.951420,-2368.659014,-10732.986159,-1838.629195
163519.951740,0.000000,-9844.739029,1225.752797
163519.952060,2220.617826,-9474.636058,2374.896044
163519.952380,-2072.576638,-5107.421000,-3370.820191
163519.952699,0.000000,-9030.512492,-3370.820191
163519.953019,-814.226536,-9474.636058,-2451.505594
163519.953339,-518.144159,-12139.377449,-306.438199
163519.953659,-1850.514855,-9696.697840,-2604.724693
163519.953978,-888.247130,-11547.212695,-766.095498
163519.954298,-74.020594,-9474.636058,-995.924147
163519.954618,2738.761985,-8808.450710,1762.019645
163519.954938,7031.956449,-8882.471304,3294.210641
163519.955257,5995.668130,-9474.636058,5439.278036
163519.955577,1184.329507,-7179.997637,1991.848295
163519.955897,-2294.638420,-7476.080014,-1455.581446
163519.956216,-2220.617826,-9696.697840,-1608.800546
163519.956536,-1702.473667,-9400.615463,-2451.505594
163519.956856,740.205942,-12805.562797,0.000000
163519.957176,592.164754,-10807.006753,3217.601092
163519.957495,1998.556043,-10066.800811,6511.811733
163519.957815,2294.638420,-8290.306550,2987.772442
163519.958135,-666.185348,-5921.647536,-76.609550
163519.958455,-74.020594,-8882.471304,2374.896044
163519.958774,-1332.370696,-6883.915261,383.047749
163519.959094,-1554.432478,-9474.636058,0.000000
163519.959414,-2368.659014,-10140.821405,-2221.676944
163519.959734,-4737.318029,-10732.986159,-2451.505594
163519.960053,-3330.926739,-10436.903782,229.828649
163519.960373,-1332.370696,-9548.656652,0.000000
163519.960693,-2368.659014,-7772.162391,0.000000
163519.961013,-444.123565,-9770.718434,-76.609550
163519.961332,-74.020594,-9474.636058,-76.609550
163519.961652,-888.247130,-9178.553681,536.266849
163519.961972,74.020594,-9770.718434,-842.705048
163519.962292,0.000000,-10436.903782,-1608.800546
163519.962611,0.000000,-10955.047942,1225.752797
163519.962931,0.000000,-7179.997637,1302.362347
163519.963251,3182.885551,-9474.636058,3600.648841
163519.963571,592.164754,-5107.421000,0.000000
163519.963890,1184.329507,-7772.162391,1302.362347
163519.964210,0.000000,-7179.997637,612.876398
163519.964530,-1184.329507,-8660.409521,306.438199
163519.964850,-1554.432478,-10658.965565,-2451.505594
163519.965169,-1184.329507,-12435.459826,-1225.752797
163519.965489,-1924.535449,-12287.418637,1072.533697
163519.965809,-1184.329507,-7476.080014,2068.457845
163519.966129,1850.514855,-7031.956449,2604.724693
163519.966448,1776.494261,-5995.668130,1455.581446
163519.966768,1554.432478,-7550.100608,1762.019645
163519.967088,-2516.700203,-3627.009116,-1838.629195
163519.967408,-2368.659014,-8364.327145,0.000000
163519.967727,-3627.009116,-8660.409521,-4903.011187
163519.968047,-3478.967927,-12731.542202,-3677.258390
163519.968367,-3182.885551,-12065.356855,-1225.752797
163519.968687,-740.205942,-11251.130318,1072.533697
163519.969006,2886.803174,-11251.130318,-76.609550
163519.969326,0.000000,-7994.224174,-1838.629195
163519.969646,-296.082377,-9400.615463,153.219100
163519.969965,0.000000,-6587.832884,-383.047749
163519.970285,444.123565,-7994.224174,1225.752797
163519.970605,-1776.494261,-7179.997637,-2451.505594
163519.970925,-1998.556043,-9548.656652,-4213.525239
163519.971244,-2220.617826,-10436.903782,0.000000
163519.971564,1110.308913,-11251.130318,1225.752797
163519.971884,1110.308913,-8216.285956,-1302.362347
163519.972204,3478.967927,-9474.636058,-76.609550
163519.972523,-1110.308913,-8364.327145,-1302.362347
163519.972843,-296.082377,-8068.244768,-229.828649
163519.973163,148.041188,-9548.656652,-229.828649
163519.973483,-2072.576638,-9252.574275,-2145.067394
163519.973802,-1184.329507,-11325.150913,-612.876398
163519.974122,-2146.597232,-6957.935855,-766.095498
163519.974442,0.000000,-7179.997637,0.000000
163519.974762,2368.659014,-8660.409521,-153.219100
163519.975081,1702.473667,-10510.924376,-2834.553343
163519.975401,-74.020594,-11251.130318,1149.143247
163519.975721,-3182.885551,-8660.409521,-536.266849
163519.976041,-3478.967927,-9104.533087,-3600.648841
163519.976360,-3182.885551,-8734.430116,-6741.640382
163519.976680,-592.164754,-12065.356855,-1378.971896
163519.977000,1924.535449,-9548.656652,919.314598
163519.977320,4071.132681,-13027.624579,4826.401637
163519.977639,740.205942,-6587.832884,0.000000
163519.977959,0.000000,-7772.162391,0.000000
163519.978279,-74.020594,-7105.977043,-689.485948
163519.978599,74.020594,-7772.162391,-459.657299
163519.978918,518.144159,-9770.718434,-1608.800546
163519.979238,-962.267725,-10584.944971,-2451.505594
163519.979558,-1258.350101,-13027.624579,-76.609550
163519.979878,-74.020594,-13027.624579,-76.609550
163519.980197,0.000000,-9548.656652,0.000000
163519.980517,0.000000,-9918.759623,0.000000
163519.980837,148.041188,-8956.491898,0.000000
163519.981157,-2072.576638,-5107.421000,1225.752797
163519.981476,-74.020594,-6217.729913,229.828649
163519.981796,0.000000,-7476.080014,-1685.410096
163519.982116,-814.226536,-9844.739029,-1685.410096
163519.982435,-1998.556043,-9696.697840,0.000000
163519.982755,-370.102971,-11251.130318,536.266849
163519.983075,-2368.659014,-10436.903782,-1225.752797
163519.983395,-1184.329507,-10510.924376,-1608.800546
163519.983714,-370.102971,-10658.965565,919.314598
163519.984034,-74.020594,-8882.471304,1149.143247
163519.984354,0.000000,-7179.997637,1225.752797
163519.984674,0.000000,-7179.997637,-2834.553343
163519.984993,0.000000,-10288.862594,-536.266849
163519.985313,0.000000,-9918.759623,1072.533697
163519.985633,1110.308913,-9770.718434,2528.115143
163519.985953,2960.823768,-10732.986159,3600.648841
163519.986272,1776.494261,-8956.491898,306.438199
163519.986592,1406.391290,-9474.636058,1838.629195
163519.986912,2294.638420,-9474.636058,2374.896044
163519.987232,-370.102971,-9178.553681,-842.705048
163519.987551,-3034.844362,-7254.018232,-4749.792088
163519.987871,-2220.617826,-11399.171507,-1991.848295
163519.988191,-1258.350101,-10140.821405,689.485948
163519.988511,814.226536,-10288.862594,2834.553343
163519.988830,1998.556043,-9474.636058,2068.457845
163519.989150,1702.473667,-9474.636058,3600.648841
163519.989470,-296.082377,-7402.059420,3294.210641
163519.989790,-370.102971,-6217.729913,536.266849
163519.990109,-2220.617826,-7179.997637,0.000000
163519.990429,-2960.823768,-8956.491898,-2451.505594
163519.990749,-3330.926739,-10066.800811,-3447.429741
163519.991069,-2442.679609,-10955.047942,-689.485948
163519.991388,-1554.432478,-11177.109724,76.609550
163519.991708,-1258.350101,-9696.697840,-1532.190996
163519.992028,2294.638420,-12435.459826,-76.609550
163519.992348,1850.514855,-8068.244768,0.000000
163519.992667,0.000000,-5995.668130,1838.629195
163519.992987,296.082377,-7476.080014,-153.219100
163519.993307,2294.638420,-10658.965565,-383.047749
163519.993627,0.000000,-9548.656652,0.000000
163519.993946,814.226536,-9252.574275,1302.362347
163519.994266,296.082377,-10881.027347,1149.143247
163519.994586,-444.123565,-9918.759623,-2068.457845
163519.994905,-222.061783,-10881.027347,-689.485948
163519.995225,296.082377,-8364.327145,1608.800546
163519.995545,-2368.659014,-7179.997637,0.000000
163519.995865,-888.247130,-7772.162391,-612.876398
163519.996184,1184.329507,-9696.697840,-306.438199
163519.996504,-74.020594,-9474.636058,-76.609550
163519.996824,-3552.988522,-5995.668130,0.000000
163519.997144,518.144159,-10510.924376,1378.971896
163519.997463,370.102971,-9400.615463,-383.047749
163519.997783,0.000000,-9252.574275,459.657299
163519.998103,-1258.350101,-7105.977043,-1302.362347
163519.998423,-1258.350101,-9326.594869,-1302.362347
163519.998742,-1850.514855,-8660.409521,-3600.648841
163519.999062,-1258.350101,-10066.800811,-4519.963438
163519.999382,-1628.453072,-11325.150913,0.000000
163519.999702,-888.247130,-10436.903782,1378.971896
163520.000021,-1776.494261,-7179.997637,-2451.505594
163520.000341,2072.576638,-7920.203579,-1838.629195
163520.000661,2590.720797,-8956.491898,919.314598
163520.000981,2220.617826,-7328.038826,2145.067394
163520.001300,3478.967927,-9474.636058,-76.609550
163520.001620,74.020594,-8586.388927,-383.047749
163520.001940,-74.020594,-11251.130318,-3140.991542
163520.002260,-2960.823768,-9548.656652,-1838.629195
163520.002579,-1480.411884,-9548.656652,-1915.238745
163520.002899,-1850.514855,-6883.915261,-3677.258390
163520.003219,-74.020594,-9474.636058,-1455.581446
163520.003539,0.000000,-9326.594869,1455.581446
163520.003858,-592.164754,-6661.853478,1762.019645
163520.004178,222.061783,-7698.141797,2068.457845
163520.004498,-1184.329507,-5995.668130,-2068.457845
163520.004818,-1036.288319,-7772.162391,-1685.410096
163520.005137,-1776.494261,-8956.491898,0.000000
163520.005457,-1184.329507,-10140.821405,1225.752797
163520.005777,-2072.576638,-11325.150913,-2757.943793
163520.006097,-74.020594,-13619.789333,-1302.362347
163520.006416,-2664.741391,-10066.800811,-1072.533697
163520.006736,-1406.391290,-8956.491898,0.000000
163520.007056,-148.041188,-8956.491898,-1149.143247
163520.007376,0.000000,-8364.327145,0.000000
163520.007695,1554.432478,-10288.862594,0.000000
163520.008015,1702.473667,-9474.636058,919.314598
163520.008335,3478.967927,-10658.965565,1149.143247
163520.008654,0.000000,-7772.162391,-1608.800546
163520.008974,1406.391290,-11843.295072,-76.609550
163520.009294,0.000000,-8512.368333,612.876398
163520.009614,592.164754,-9474.636058,842.705048
163520.009933,444.123565,-9696.697840,-383.047749
163520.010253,-814.226536,-9622.677246,-919.314598
163520.010573,-3627.009116,-7179.997637,-2451.505594
163520.010893,-1258.350101,-8882.471304,153.219100
163520.011213,148.041188,-8142.265362,919.314598
163520.011532,0.000000,-8216.285956,-76.609550
163520.011852,2294.638420,-10658.965565,2374.896044
163520.012172,-74.020594,-7105.977043,1762.019645
163520.012492,0.000000,-8808.450710,3524.039291
163520.012811,-962.267725,-7105.977043,-1302.362347
163520.013131,-2368.659014,-10288.862594,-383.047749
163520.013451,-3404.947333,-8660.409521,0.000000
163520.013771,-2368.659014,-7179.997637,-2221.676944
163520.014091,-2368.659014,-9548.656652,-1225.752797
163520.014410,-1554.432478,-9844.739029,-1991.848295
163520.014730,-740.205942,-11399.171507,-306.438199
163520.015050,-74.020594,-8438.347739,0.000000
163520.015370,1480.411884,-9548.656652,1378.971896
163520.015689,1628.453072,-8068.244768,0.000000
163520.016009,3478.967927,-10658.965565,-76.609550
163520.016329,-1110.308913,-6513.812290,0.000000
163520.016649,296.082377,-8956.491898,1225.752797
163520.016969,1110.308913,-9770.718434,-1838.629195
163520.017288,888.247130,-12213.398043,-612.876398
163520.017608,740.205942,-12879.583391,1838.629195
163520.017928,-888.247130,-9622.677246,1225.752797
163520.018248,-1110.308913,-7476.080014,0.000000
163520.018568,0.000000,-5033.400406,-3140.991542
163520.018887,0.000000,-8068.244768,0.000000
163520.019207,1554.432478,-8808.450710,2068.457845
163520.019527,1702.473667,-9474.636058,2374.896044
163520.019847,0.000000,-8956.491898,1378.971896
163520.020166,-2368.659014,-9252.574275,-842.705048
163520.020486,-3256.906145,-8364.327145,-1762.019645
163520.020806,-1776.494261,-8956.491898,76.609550
163520.021126,0.000000,-8364.327145,-842.705048
163520.021446,1406.391290,-10362.883188,-76.609550
163520.021765,-814.226536,-9474.636058,-383.047749
163520.022085,-2664.741391,-7550.100608,-1225.752797
163520.022405,-4145.153275,-9548.656652,-2451.505594
163520.022725,1110.308913,-11547.212695,-76.609550
163520.023044,-1184.329507,-10732.986159,0.000000
163520.023364,-518.144159,-9400.615463,1225.752797
163520.023684,-370.102971,-9030.512492,306.438199
163520.024004,-296.082377,-9104.533087,-153.219100
163520.024324,-518.144159,-7698.141797,-2451.505594
163520.024643,-74.020594,-9474.636058,-76.609550
163520.024963,-74.020594,-8734.430116,-76.609550
163520.025283,1110.308913,-9474.636058,-1302.362347
163520.025603,0.000000,-8660.409521,-3524.039291
163520.025922,2294.638420,-14211.954086,2374.896044
163520.026242,-1036.288319,-9844.739029,536.266849
163520.026562,0.000000,-10066.800811,919.314598
163520.026882,-370.102971,-8216.285956,-1762.019645
163520.027202,0.000000,-7772.162391,-1838.629195
163520.027521,0.000000,-7179.997637,0.000000
163520.027841,0.000000,-7179.997637,0.000000
163520.028161,1184.329507,-11029.068536,1149.143247
163520.028481,-1258.350101,-8290.306550,-3830.477490
163520.028801,-2442.679609,-10658.965565,-3140.991542
163520.029120,-74.020594,-10658.965565,1149.143247
163520.029440,1110.308913,-10140.821405,1378.971896
163520.029760,1998.556043,-8216.285956,995.924147
163520.030080,814.226536,-8512.368333,0.000000
163520.030399,-2368.659014,-5995.668130,0.000000
163520.030719,-1036.288319,-7698.141797,-1302.362347
163520.031039,0.000000,-8364.327145,-2987.772442
163520.031359,-1184.329507,-11029.068536,-2757.943793
163520.031679,-74.020594,-14211.954086,-76.609550
163520.031998,-74.020594,-9474.636058,-76.609550
163520.032318,888.247130,-9844.739029,1302.362347
163520.032638,814.226536,-6735.874072,-1532.190996
163520.032958,740.205942,-9104.533087,0.000000
163520.033277,74.020594,-7105.977043,2068.457845
163520.033597,370.102971,-8142.265362,2145.067394
163520.033917,2294.638420,-10658.965565,-76.609550
163520.034237,-740.205942,-10510.924376,-766.095498
163520.034557,-2738.761985,-9400.615463,-689.485948
163520.034876,-2960.823768,-7179.997637,0.000000
163520.035196,-74.020594,-9474.636058,-76.609550
163520.035516,-1406.391290,-7105.977043,-2374.896044
163520.035836,-1998.556043,-9474.636058,-536.266849
163520.036155,-1184.329507,-8142.265362,153.219100
163520.036475,296.082377,-10732.986159,2145.067394
163520.036795,-1480.411884,-9400.615463,-1225.752797
163520.037115,-2368.659014,-10584.944971,-2298.286494
163520.037435,-74.020594,-11251.130318,-76.609550
163520.037754,-1776.494261,-7772.162391,306.438199
163520.038074,888.247130,-7772.162391,0.000000
163520.038394,3330.926739,-9474.636058,-76.609550
163520.038714,888.247130,-9104.533087,1072.533697
163520.039033,0.000000,-8956.491898,536.266849
163520.039353,296.082377,-10288.862594,-536.266849
163520.039673,-1776.494261,-9844.739029,-2451.505594
163520.039993,-2442.679609,-10732.986159,-4290.134789
163520.040313,-74.020594,-10658.965565,-76.609550
163520.040632,1702.473667,-8882.471304,383.047749
163520.040952,1554.432478,-8068.244768,-76.609550
163520.041272,4663.297435,-11251.130318,-76.609550
163520.041592,1184.329507,-9696.697840,1762.019645
163520.041912,0.000000,-8956.491898,2068.457845
163520.042231,0.000000,-9252.574275,536.266849
163520.042551,-1184.329507,-7772.162391,-1838.629195
163520.042871,-1258.350101,-11325.150913,-76.609550
163520.043191,-74.020594,-9178.553681,-76.609550
163520.043510,-1480.411884,-8660.409521,536.266849
163520.043830,-2368.659014,-7179.997637,-3064.381992
163520.044150,-296.082377,-10584.944971,-76.609550
163520.044470,-2960.823768,-8956.491898,919.314598
163520.044790,-1258.350101,-8068.244768,536.266849
163520.045109,-888.247130,-8068.244768,-1302.362347
163520.045429,-1110.308913,-8068.244768,-3753.867940
163520.045749,-1258.350101,-9548.656652,-3140.991542
163520.046069,518.144159,-10066.800811,1685.410096
163520.046388,1332.370696,-10140.821405,1991.848295
163520.046708,0.000000,-9252.574275,-612.876398
163520.047028,-740.205942,-10066.800811,-689.485948
163520.047348,296.082377,-9474.636058,1149.143247
163520.047668,0.000000,-8364.327145,1838.629195
163520.047987,2294.638420,-10066.800811,-1302.362347
163520.048307,-74.020594,-9992.780217,-3600.648841
163520.048627,-1406.391290,-10732.986159,0.000000
163520.048947,-2294.638420,-7772.162391,-1608.800546
163520.049266,888.247130,-10955.047942,1225.752797
163520.049586,740.205942,-8660.409521,-153.219100
163520.049906,962.267725,-9622.677246,1838.629195
163520.050226,2886.803174,-8290.306550,2987.772442
163520.050546,1702.473667,-7846.182985,2068.457845
163520.050865,0.000000,-7476.080014,0.000000
163520.051185,-1258.350101,-10066.800811,-1838.629195
163520.051505,-1332.370696,-11251.130318,-383.047749
163520.051825,-4737.318029,-9548.656652,-2451.505594
163520.052144,-1258.350101,-11695.253884,-1302.362347
163520.052464,-296.082377,-10288.862594,-1608.800546
163520.052784,-814.226536,-10362.883188,1225.752797
163520.053104,-370.102971,-7402.059420,1455.581446
163520.053424,1628.453072,-8290.306550,1762.019645
163520.053743,444.123565,-7254.018232,-1685.410096
163520.054063,-1184.329507,-8734.430116,-2221.676944
163520.054383,-2368.659014,-9548.656652,0.000000
163520.054703,592.164754,-10584.944971,1838.629195
163520.055023,0.000000,-9548.656652,0.000000
163520.055342,-74.020594,-9770.718434,-919.314598
163520.055662,-666.185348,-9548.656652,0.000000
163520.055982,-888.247130,-8068.244768,76.609550
163520.056302,222.061783,-8364.327145,-1302.362347
163520.056621,-74.020594,-7698.141797,-2528.115143
163520.056941,-1850.514855,-13027.624579,-76.609550
163520.057261,-1258.350101,-9178.553681,-995.924147
163520.057581,-1776.494261,-9548.656652,459.657299
163520.057901,1332.370696,-9474.636058,2451.505594
163520.058220,-2368.659014,-7179.997637,0.000000
163520.058540,2146.597232,-8438.347739,2911.162892
163520.058860,1480.411884,-6883.915261,2451.505594
163520.059180,814.226536,-8068.244768,0.000000
163520.059499,-666.185348,-9474.636058,-3753.867940
163520.059819,-2146.597232,-11473.192101,-1685.410096
163520.060139,-2442.679609,-9474.636058,-2834.553343
163520.060459,-2812.782580,-10362.883188,-2145.067394
163520.060779,-3552.988522,-9548.656652,-4290.134789
163520.061098,2368.659014,-11917.315666,3064.381992
163520.061418,1480.411884,-7550.100608,2451.505594
163520.061738,3108.864956,-6661.853478,3983.696590
163520.062058,1184.329507,-6587.832884,-919.314598
163520.062377,296.082377,-8142.265362,-3370.820191
163520.062697,1110.308913,-10214.842000,-1685.410096
163520.063017,0.000000,-9548.656652,1225.752797
163520.063337,962.267725,-13027.624579,2145.067394
163520.063657,-74.020594,-11843.295072,-2528.115143
163520.063976,-1702.473667,-11399.171507,-1608.800546
163520.064296,-2072.576638,-7772.162391,1225.752797
163520.064616,-148.041188,-7846.182985,995.924147
163520.064936,74.020594,-6883.915261,-766.095498
163520.065256,74.020594,-8142.265362,-1915.238745
163520.065575,-2220.617826,-7179.997637,0.000000
163520.065895,-2442.679609,-7624.121203,76.609550
163520.066215,-1628.453072,-9770.718434,76.609550
163520.066535,-3552.988522,-7772.162391,0.000000
163520.066854,-1776.494261,-9030.512492,1532.190996
163520.067174,-74.020594,-8882.471304,2987.772442
163520.067494,-1776.494261,-7476.080014,612.876398
163520.067814,-1258.350101,-7105.977043,-2834.553343
163520.068134,-2220.617826,-9622.677246,-3677.258390
163520.068453,-3627.009116,-10881.027347,-2451.505594
163520.068773,-4219.173869,-9548.656652,-3140.991542
163520.069093,-666.185348,-13027.624579,-76.609550
163520.069413,-74.020594,-9474.636058,-842.705048
163520.069732,1184.329507,-8956.491898,842.705048
163520.070052,1184.329507,-5403.503377,2451.505594
163520.070372,5255.462188,-9474.636058,3600.648841
163520.070692,1036.288319,-6439.791695,-1838.629195
163520.071012,296.082377,-10362.883188,-1455.581446
163520.071331,-1110.308913,-9696.697840,-1378.971896
163520.071651,-962.267725,-11621.233289,-1225.752797
163520.071971,814.226536,-10955.047942,-2451.505594
163520.072291,1184.329507,-12805.562797,153.219100
163520.072610,3330.926739,-10658.965565,3830.477490
163520.072930,3478.967927,-8290.306550,2374.896044
163520.073250,1110.308913,-7105.977043,1149.143247
163520.073570,1776.494261,-8882.471304,-76.609550
163520.073890,-888.247130,-9400.615463,-612.876398
163520.074209,-1554.432478,-8586.388927,76.609550
163520.074529,-1332.370696,-10288.862594,536.266849
163520.074849,-3552.988522,-8364.327145,-2451.505594
163520.075169,-1924.535449,-9548.656652,0.000000
163520.075488,-740.205942,-8364.327145,0.000000
163520.075808,0.000000,-7179.997637,1838.629195
163520.076128,-74.020594,-8290.306550,-689.485948
163520.076448,-74.020594,-9474.636058,-2528.115143
163520.076768,-1110.308913,-11103.089130,-306.438199
163520.077087,-3330.926739,-9104.533087,-1455.581446
163520.077407,-2146.597232,-11399.171507,-1072.533697
163520.077727,-1480.411884,-9844.739029,-1915.238745
163520.078047,0.000000,-9548.656652,0.000000
163520.078367,1332.370696,-7105.977043,1149.143247
163520.078686,148.041188,-5699.585753,1378.971896
163520.079006,2368.659014,-7328.038826,919.314598
163520.079326,1406.391290,-11843.295072,-76.609550
163520.079646,0.000000,-11029.068536,1685.410096
163520.079965,-2368.659014,-9548.656652,-995.924147
163520.080285,-2146.597232,-10436.903782,-536.266849
163520.080605,-2220.617826,-9104.533087,-3140.991542
163520.080925,0.000000,-9548.656652,0.000000
163520.081245,3478.967927,-9548.656652,2834.553343
163520.081564,2886.803174,-10066.800811,4213.525239
163520.081884,-222.061783,-9474.636058,842.705048
163520.082204,-4737.318029,-5995.668130,-3370.820191
163520.082524,-4737.318029,-7179.997637,-3064.381992
163520.082843,-1776.494261,-9548.656652,0.000000
163520.083163,1406.391290,-11325.150913,536.266849
163520.083483,0.000000,-11325.150913,0.000000
163520.083803,296.082377,-11325.150913,2451.505594
163520.084123,0.000000,-6291.750507,306.438199
163520.084442,0.000000,-8142.265362,-1225.752797
163520.084762,518.144159,-5995.668130,-2221.676944
163520.085082,0.000000,-9548.656652,0.000000
163520.085402,0.000000,-8956.491898,0.000000
163520.085721,-2368.659014,-8660.409521,0.000000
163520.086041,-666.185348,-9326.594869,-2221.676944
163520.086361,-1332.370696,-10658.965565,-1072.533697
163520.086681,222.061783,-10658.965565,1149.143247
163520.087001,2072.576638,-7624.121203,1302.362347
163520.087320,4663.297435,-7994.224174,2374.896044
163520.087640,592.164754,-7031.956449,0.000000
163520.087960,1184.329507,-9770.718434,1149.143247
163520.088280,-2442.679609,-7994.224174,-1608.800546
163520.088599,-2368.659014,-10881.027347,-1225.752797
163520.088919,-2146.597232,-10881.027347,-3370.820191
163520.089239,-2368.659014,-11325.150913,306.438199
163520.089559,-74.020594,-10807.006753,1762.019645
163520.089879,518.144159,-8290.306550,1149.143247
163520.090198,1776.494261,-9252.574275,2298.286494
163520.090518,1110.308913,-5921.647536,-76.609550
163520.090838,-1258.350101,-8364.327145,-689.485948
163520.091158,-2664.741391,-7772.162391,-1991.848295
163520.091478,-2368.659014,-10955.047942,-1838.629195
163520.091797,-222.061783,-11029.068536,-1378.971896
163520.092117,-2072.576638,-11029.068536,0.000000
163520.092437,1110.308913,-10066.800811,842.705048
163520.092757,0.000000,-8660.409521,0.000000
163520.093076,0.000000,-7179.997637,-3370.820191
163520.093396,1110.308913,-9474.636058,-3140.991542
163520.093716,444.123565,-10584.944971,536.266849
163520.094036,-1036.288319,-9030.512492,-1072.533697
163520.094356,222.061783,-11177.109724,-842.705048
163520.094675,148.041188,-9252.574275,-2221.676944
163520.094995,1036.288319,-10436.903782,1378.971896
163520.095315,592.164754,-8068.244768,2451.505594
163520.095635,3478.967927,-9030.512492,4826.401637
163520.095954,4071.132681,-7105.977043,-76.609550
163520.096274,-518.144159,-7179.997637,-1838.629195
163520.096594,-74.020594,-9474.636058,-76.609550
163520.096914,-2664.741391,-8956.491898,-1608.800546
163520.097234,-2812.782580,-10881.027347,-2834.553343
163520.097553,-2664.741391,-10436.903782,-3524.039291
163520.097873,-1332.370696,-11843.295072,1149.143247
163520.098193,0.000000,-9548.656652,2451.505594
163520.098513,2294.638420,-8660.409521,1225.752797
163520.098832,2294.638420,-7476.080014,1915.238745
163520.099152,-74.020594,-7698.141797,-995.924147
163520.099472,-1406.391290,-6587.832884,-3140.991542
163520.099792,-74.020594,-11251.130318,-689.485948
163520.100112,-740.205942,-10214.842000,-689.485948
163520.100431,-1184.329507,-10658.965565,-1991.848295
163520.100751,-1036.288319,-10288.862594,-229.828649
163520.101071,0.000000,-8956.491898,0.000000
163520.101391,1184.329507,-8364.327145,383.047749
163520.101711,0.000000,-6587.832884,-2298.286494
163520.102030,-592.164754,-10140.821405,612.876398
163520.102350,-1184.329507,-8660.409521,766.095498
163520.102670,-1554.432478,-7402.059420,-3294.210641
163520.102990,1110.308913,-11843.295072,-1302.362347
163520.103309,1776.494261,-12287.418637,306.438199
163520.103629,1184.329507,-11029.068536,3830.477490
163520.103949,74.020594,-7550.100608,3370.820191
163520.104269,-1184.329507,-7179.997637,229.828649
163520.104589,-370.102971,-7105.977043,-3447.429741
163520.104908,-814.226536,-9474.636058,-689.485948
163520.105228,-3552.988522,-6291.750507,0.000000
163520.105548,-1776.494261,-11029.068536,0.000000
163520.105868,-1850.514855,-9770.718434,-5439.278036
163520.106187,-2812.782580,-11695.253884,-1838.629195
163520.106507,-962.267725,-8882.471304,1608.800546
163520.106827,1554.432478,-8216.285956,3140.991542
163520.107147,4071.132681,-9474.636058,3600.648841
163520.107467,2294.638420,-8586.388927,-76.609550
163520.107786,-74.020594,-8882.471304,2681.334243
163520.108106,-74.020594,-9474.636058,-76.609550
163520.108426,-2886.803174,-8956.491898,-2451.505594
163520.108746,-4441.235652,-8364.327145,-6128.763984
163520.109065,-666.185348,-11843.295072,-2528.115143
163520.109385,370.102971,-10066.800811,689.485948
163520.109705,2368.659014,-9918.759623,2911.162892
163520.110025,2072.576638,-8142.265362,612.876398
163520.110345,2072.576638,-10658.965565,2068.457845
163520.110664,-296.082377,-7772.162391,-1685.410096
163520.110984,-2368.659014,-7179.997637,1225.752797
163520.111304,1554.432478,-10658.965565,-76.609550
163520.111624,-1110.308913,-8882.471304,-1302.362347
163520.111943,-3552.988522,-9844.739029,0.000000
163520.112263,-74.020594,-8290.306550,842.705048
163520.112583,296.082377,-9548.656652,1149.143247
163520.112903,-296.082377,-8068.244768,-995.924147
163520.113223,-1332.370696,-9844.739029,-2528.115143
163520.113542,-2960.823768,-8660.409521,0.000000
163520.113862,-3404.947333,-7179.997637,-2451.505594
163520.114182,-2072.576638,-9548.656652,-2145.067394
163520.114502,-74.020594,-10362.883188,-1302.362347
163520.114822,-74.020594,-11843.295072,-76.609550
163520.115141,0.000000,-7772.162391,0.000000
163520.115461,1258.350101,-7179.997637,229.828649
163520.115781,666.185348,-9326.594869,-383.047749
163520.116101,1258.350101,-9548.656652,-459.657299
163520.116421,148.041188,-6957.935855,-689.485948
163520.116740,0.000000,-8364.327145,-76.609550
163520.117060,-2072.576638,-7179.997637,-4290.134789
163520.117380,-1480.411884,-10732.986159,-4903.011187
163520.117700,2294.638420,-13619.789333,-76.609550
163520.118020,3478.967927,-11843.295072,2681.334243
163520.118339,0.000000,-8364.327145,612.876398
163520.118659,518.144159,-8290.306550,-383.047749
163520.118979,0.000000,-9548.656652,76.609550
163520.119299,0.000000,-6143.709319,612.876398
163520.119619,-74.020594,-8290.306550,-76.609550
163520.119938,-74.020594,-9326.594869,-1302.362347
163520.120258,-74.020594,-13619.789333,-76.609550
163520.120578,-962.267725,-9770.718434,536.266849
163520.120898,-1184.329507,-8956.491898,1532.190996
163520.121217,0.000000,-8364.327145,2451.505594
163520.121537,-2368.659014,-7772.162391,-2451.505594
163520.121857,-666.185348,-9696.697840,766.095498
163520.122177,-1258.350101,-7624.121203,-229.828649
163520.122497,-1184.329507,-9770.718434,-153.219100
163520.122816,-666.185348,-10658.965565,-3753.867940
163520.123136,-888.247130,-13249.686362,-76.609550
163520.123456,-666.185348,-9474.636058,-536.266849
163520.123776,0.000000,-9548.656652,1532.190996
163520.124096,0.000000,-7179.997637,0.000000
163520.124415,0.000000,-7179.997637,-2068.457845
163520.124735,1258.350101,-8882.471304,2068.457845
163520.125055,74.020594,-7179.997637,536.266849
163520.125375,0.000000,-8290.306550,-1225.752797
163520.125695,-74.020594,-10658.965565,-2528.115143
163520.126014,-74.020594,-11251.130318,-1378.971896
163520.126334,-592.164754,-9104.533087,0.000000
163520.126654,1332.370696,-10732.986159,0.000000
163520.126974,0.000000,-8956.491898,612.876398
163520.127294,-74.020594,-8290.306550,-1302.362347
163520.127613,-74.020594,-8882.471304,1762.019645
163520.127933,-814.226536,-6291.750507,766.095498
163520.128253,-444.123565,-7698.141797,-536.266849
163520.128573,0.000000,-9178.553681,-2145.067394
163520.128893,0.000000,-10732.986159,1838.629195
163520.129212,-370.102971,-9474.636058,1378.971896
163520.129532,0.000000,-10214.842000,842.705048
163520.129852,-1554.432478,-9030.512492,-2604.724693
163520.130172,-1406.391290,-11325.150913,-2451.505594
163520.130491,-370.102971,-7994.224174,-1302.362347
163520.130811,-74.020594,-9474.636058,-76.609550
163520.131131,-2220.617826,-8660.409521,-2757.943793
163520.131451,-370.102971,-10288.862594,-2451.505594
163520.131771,-74.020594,-13027.624579,-76.609550
163520.132090,0.000000,-8364.327145,612.876398
163520.132410,1110.308913,-9474.636058,306.438199
163520.132730,444.123565,-8734.430116,-153.219100
163520.133050,1628.453072,-10362.883188,1532.190996
163520.133370,666.185348,-7105.977043,842.705048
163520.133689,0.000000,-7476.080014,612.876398
163520.134009,-666.185348,-8586.388927,-1915.238745
163520.134329,-1850.514855,-11843.295072,-2528.115143
163520.134649,-666.185348,-9474.636058,-766.095498
163520.134969,-74.020594,-11251.130318,3217.601092
163520.135288,0.000000,-9548.656652,306.438199
163520.135608,-518.144159,-9474.636058,0.000000
163520.135928,74.020594,-9400.615463,2145.067394
163520.136248,-962.267725,-6513.812290,1762.019645
163520.136568,-2368.659014,-6291.750507,0.000000
163520.136887,-2368.659014,-7179.997637,-2451.505594
163520.137207,1998.556043,-12435.459826,-76.609550
163520.137527,-74.020594,-9474.636058,-383.047749
163520.137847,0.000000,-9696.697840,0.000000
163520.138167,-296.082377,-12435.459826,-76.609550
163520.138486,-1924.535449,-10436.903782,-2834.553343
163520.138806,-1406.391290,-10510.924376,-1149.143247
163520.139126,-518.144159,-8290.306550,-766.095498
163520.139446,0.000000,-8660.409521,-2451.505594
163520.139765,0.000000,-5995.668130,-3064.381992
163520.140085,0.000000,-9548.656652,0.000000
163520.140405,1998.556043,-11251.130318,1149.143247
163520.140725,1036.288319,-10658.965565,-383.047749
163520.141045,2294.638420,-11547.212695,-76.609550
163520.141364,2368.659014,-11843.295072,2451.505594
163520.141684,1036.288319,-8882.471304,2298.286494
163520.142004,222.061783,-7698.141797,1532.190996
163520.142324,296.082377,-8512.368333,-76.609550
163520.142644,-1702.473667,-7550.100608,-2221.676944
163520.142963,-74.020594,-11843.295072,-76.609550
163520.143283,-1850.514855,-9178.553681,383.047749
163520.143603,-962.267725,-9474.636058,-76.609550
163520.143923,-2664.741391,-7179.997637,-1225.752797
163520.144243,-74.020594,-13027.624579,2374.896044
163520.144562,-888.247130,-8660.409521,2528.115143
163520.144882,-1702.473667,-6883.915261,2451.505594
163520.145202,-3330.926739,-5107.421000,-766.095498
163520.145522,-3923.091493,-5329.482782,-3677.258390
163520.145842,-2072.576638,-8364.327145,-2145.067394
163520.146161,1184.329507,-10584.944971,-76.609550
163520.146481,2294.638420,-14211.954086,2374.896044
163520.146801,-666.185348,-9918.759623,-995.924147
163520.147121,-3552.988522,-9548.656652,-2145.067394
163520.147441,-74.020594,-9474.636058,-1302.362347
163520.147760,0.000000,-7254.018232,-1225.752797
163520.148080,2072.576638,-6883.915261,-459.657299
163520.148400,3627.009116,-8216.285956,612.876398
163520.148720,2368.659014,-9548.656652,3064.381992
163520.149039,1184.329507,-10732.986159,1225.752797
163520.149359,-2368.659014,-9548.656652,0.000000
163520.149679,-2368.659014,-9548.656652,-1991.848295
163520.149999,-370.102971,-11251.130318,-76.609550
163520.150319,-370.102971,-6957.935855,-3447.429741
163520.150638,3775.050304,-11547.212695,1149.143247
163520.150958,1702.473667,-10510.924376,0.000000
163520.151278,0.000000,-11843.295072,0.000000
163520.151598,-3034.844362,-10732.986159,-1608.800546
163520.151918,-4145.153275,-9548.656652,-2451.505594
163520.152237,-1258.350101,-8586.388927,-3140.991542
163520.152557,0.000000,-7476.080014,-1838.629195
163520.152877,2294.638420,-10362.883188,2451.505594
163520.153197,3478.967927,-10658.965565,2987.772442
163520.153517,518.144159,-8438.347739,-1608.800546
163520.153836,-1924.535449,-7698.141797,-1685.410096
163520.154156,-3108.864956,-10214.842000,-2451.505594
163520.154476,-3034.844362,-9252.574275,-2681.334243
163520.154796,-370.102971,-10658.965565,-76.609550
163520.155116,222.061783,-9326.594869,-383.047749
163520.155435,1702.473667,-9474.636058,-766.095498
163520.155755,0.000000,-9178.553681,-76.609550
163520.156075,-2220.617826,-7179.997637,0.000000
163520.156395,0.000000,-8364.327145,0.000000
163520.156715,-666.185348,-6513.812290,-1302.362347
163520.157034,-444.123565,-7179.997637,919.314598
163520.157354,-370.102971,-5255.462188,229.828649
163520.157674,1924.535449,-7254.018232,0.000000
163520.157994,2516.700203,-9474.636058,-76.609550
163520.158313,148.041188,-11547.212695,-459.657299
163520.158633,-2368.659014,-10732.986159,612.876398
163520.158953,-1258.350101,-11843.295072,-76.609550
163520.159273,-2294.638420,-9992.780217,-1072.533697
163520.159593,-3552.988522,-7179.997637,-2451.505594
163520.159912,518.144159,-8882.471304,-842.705048
163520.160232,592.164754,-7254.018232,-306.438199
163520.160552,1406.391290,-9474.636058,-229.828649
163520.160872,740.205942,-10288.862594,-1915.238745
163520.161192,888.247130,-13915.871710,1378.971896
163520.161511,-3552.988522,-7772.162391,0.000000
163520.161831,296.082377,-10732.986159,1378.971896
163520.162151,2294.638420,-9474.636058,-76.609550
163520.162471,4071.132681,-11843.295072,-995.924147
163520.162791,2886.803174,-9474.636058,-76.609550
163520.163110,-666.185348,-10584.944971,919.314598
163520.163430,-296.082377,-10214.842000,0.000000
163520.163750,-1406.391290,-8882.471304,-1915.238745
163520.164070,296.082377,-11325.150913,3064.381992
163520.164390,666.185348,-9178.553681,2221.676944
163520.164709,3478.967927,-10362.883188,4673.182538
163520.165029,0.000000,-5921.647536,1149.143247
163520.165349,-2368.659014,-5995.668130,612.876398
163520.165669,-74.020594,-7698.141797,2374.896044
163520.165989,-1776.494261,-7179.997637,612.876398
163520.166308,0.000000,-10140.821405,612.876398
163520.166628,-1036.288319,-9400.615463,0.000000
163520.166948,-2960.823768,-12065.356855,1378.971896
163520.167268,-5329.482782,-6587.832884,0.000000
163520.167587,-1998.556043,-9178.553681,-76.609550
163520.167907,-2812.782580,-6365.771101,-1225.752797
163520.168227,-2146.597232,-7105.977043,-1608.800546
163520.168547,-1110.308913,-7698.141797,-76.609550
163520.168867,2294.638420,-9474.636058,536.266849
163520.169186,0.000000,-10140.821405,842.705048
163520.169506,-666.185348,-11843.295072,-1302.362347
163520.169826,-3552.988522,-8882.471304,-2528.115143
163520.170146,-2368.659014,-8660.409521,0.000000
163520.170466,0.000000,-8068.244768,-3294.210641
163520.170785,2146.597232,-9992.780217,-1608.800546
163520.171105,1702.473667,-11473.192101,0.000000
163520.171425,666.185348,-9178.553681,-153.219100
163520.171745,1998.556043,-10140.821405,-76.609550
163520.172065,370.102971,-9178.553681,-3830.477490
163520.172384,0.000000,-10732.986159,-3064.381992
163520.172704,740.205942,-10732.986159,0.000000
163520.173024,4589.276840,-11547.212695,2374.896044
163520.173344,2368.659014,-9548.656652,2451.505594
163520.173664,1406.391290,-8290.306550,-1072.533697
163520.173983,74.020594,-9474.636058,-383.047749
163520.174303,-1184.329507,-7772.162391,-689.485948
163520.174623,148.041188,-9474.636058,-612.876398
163520.174943,1036.288319,-7994.224174,-3140.991542
163520.175263,0.000000,-11103.089130,-459.657299
163520.175582,-1850.514855,-7328.038826,-1225.752797
163520.175902,0.000000,-9548.656652,1225.752797
163520.176222,-74.020594,-9104.533087,-76.609550
163520.176542,-4145.153275,-5995.668130,-3677.258390
163520.176861,-2738.761985,-9104.533087,-1685.410096
163520.177181,-2072.576638,-7846.182985,-919.314598
163520.177501,-518.144159,-8882.471304,-919.314598
163520.177821,-1554.432478,-7254.018232,-3753.867940
163520.178141,-1258.350101,-10658.965565,-2221.676944
163520.178460,-1258.350101,-11251.130318,-1302.362347
163520.178780,-2368.659014,-8956.491898,-1072.533697
163520.179100,-888.247130,-8216.285956,0.000000
163520.179420,1554.432478,-9252.574275,2221.676944
163520.179740,0.000000,-5995.668130,766.095498
163520.180059,1702.473667,-7105.977043,995.924147
163520.180379,1776.494261,-8586.388927,-1302.362347
163520.180699,-1110.308913,-9770.718434,-3064.381992
163520.181019,-1850.514855,-13619.789333,-2528.115143
163520.181339,-4145.153275,-11029.068536,-1072.533697
163520.181658,-666.185348,-13915.871710,-76.609550
163520.181978,2294.638420,-11547.212695,-76.609550
163520.182298,1702.473667,-11251.130318,995.924147
163520.182618,592.164754,-8660.409521,4903.011187
163520.182938,2294.638420,-7772.162391,1838.629195
163520.183257,2812.782580,-7772.162391,1072.533697
163520.183577,74.020594,-7920.203579,-689.485948
163520.183897,-962.267725,-10140.821405,0.000000
163520.184217,-888.247130,-8364.327145,-2451.505594
163520.184537,592.164754,-9844.739029,306.438199
163520.184856,0.000000,-9548.656652,0.000000
163520.185176,-74.020594,-11843.295072,-76.609550
163520.185496,-74.020594,-11547.212695,-76.609550
163520.185816,1776.494261,-10140.821405,2451.505594
163520.186135,1480.411884,-8068.244768,-76.609550
163520.186455,0.000000,-9548.656652,842.705048
163520.186775,0.000000,-8956.491898,2681.334243
163520.187095,962.267725,-6069.688724,1532.190996
163520.187415,2590.720797,-7550.100608,4519.963438
163520.187734,2294.638420,-7105.977043,1762.019645
163520.188054,-2072.576638,-7179.997637,2451.505594
163520.188374,-1184.329507,-5995.668130,0.000000
163520.188694,1702.473667,-11843.295072,2374.896044
163520.189014,-2960.823768,-7476.080014,-3370.820191
163520.189333,-3997.112087,-11695.253884,-2221.676944
163520.189653,-4737.318029,-11325.150913,0.000000
163520.189973,-2738.761985,-11177.109724,229.828649
163520.190293,-2442.679609,-10066.800811,842.705048
163520.190613,-370.102971,-9474.636058,2374.896044
163520.190932,-1554.432478,-6513.812290,2374.896044
163520.191252,-1184.329507,-2590.720797,536.266849
163520.191572,1184.329507,-6587.832884,1838.629195
163520.191892,2146.597232,-9474.636058,-76.609550
163520.192212,-2368.659014,-10288.862594,-1532.190996
163520.192531,-3775.050304,-12139.377449,-919.314598
163520.192851,-2886.803174,-13175.665768,-1915.238745
163520.193171,-4145.153275,-11917.315666,-4290.134789
163520.193491,-2368.659014,-10732.986159,-2451.505594
163520.193811,1184.329507,-9030.512492,842.705048
163520.194130,2960.823768,-7179.997637,2451.505594
163520.194450,5255.462188,-8290.306550,-76.609550
163520.194770,2886.803174,-7105.977043,-3140.991542
163520.195090,2072.576638,-12139.377449,842.705048
163520.195409,-296.082377,-9844.739029,153.219100
163520.195729,1110.308913,-11843.295072,383.047749
163520.196049,1480.411884,-9844.739029,0.000000
163520.196369,0.000000,-8364.327145,0.000000
163520.196689,592.164754,-7328.038826,536.266849
163520.197008,2294.638420,-7402.059420,-689.485948
163520.197328,0.000000,-7179.997637,-2911.162892
163520.197648,-1258.350101,-9474.636058,-3677.258390
163520.197968,-74.020594,-11843.295072,-2528.115143
163520.198288,-2812.782580,-10288.862594,-1532.190996
163520.198607,-370.102971,-11325.150913,76.609550
163520.198927,-74.020594,-9104.533087,-1302.362347
163520.199247,-518.144159,-8882.471304,2374.896044
163520.199567,-2368.659014,-4811.338623,0.000000
163520.199887,2294.638420,-7105.977043,-383.047749
163520.200206,-2072.576638,-5255.462188,-4596.572988
163520.200526,-1850.514855,-10214.842000,-2451.505594
163520.200846,-1258.350101,-14211.954086,-1302.362347
163520.201166,-2368.659014,-11917.315666,-1072.533697
163520.201486,-2072.576638,-11769.274478,-1915.238745
163520.201805,-1998.556043,-9252.574275,-2834.553343
163520.202125,-1258.350101,-8956.491898,-1455.581446
163520.202445,0.000000,-4811.338623,-2451.505594
163520.202765,2664.741391,-8364.327145,689.485948
163520.203085,2072.576638,-7328.038826,76.609550
163520.203404,-74.020594,-13027.624579,-76.609550
163520.203724,-1554.432478,-9326.594869,-2528.115143
163520.204044,-3552.988522,-8364.327145,-1838.629195
163520.204364,-518.144159,-9770.718434,-1991.848295
163520.204683,1036.288319,-10288.862594,-1149.143247
163520.205003,2368.659014,-10732.986159,1455.581446
163520.205323,1776.494261,-8512.368333,1915.238745
163520.205643,4663.297435,-10658.965565,2374.896044
163520.205963,-1184.329507,-7179.997637,-2451.505594
163520.206282,-1480.411884,-10214.842000,-612.876398
163520.206602,-1554.432478,-8660.409521,0.000000
163520.206922,740.205942,-9844.739029,612.876398
163520.207242,0.000000,-9992.780217,1378.971896
163520.207562,-1702.473667,-8364.327145,-1225.752797
163520.207881,0.000000,-10584.944971,1838.629195
163520.208201,1702.473667,-10140.821405,3140.991542
163520.208521,-518.144159,-7476.080014,-1302.362347
163520.208841,-74.020594,-9474.636058,-689.485948
163520.209161,-2146.597232,-10140.821405,-1532.190996
163520.209480,-1924.535449,-9548.656652,-459.657299
163520.209800,0.000000,-10881.027347,612.876398
163520.210120,0.000000,-10140.821405,1762.019645
163520.210440,1036.288319,-10955.047942,2451.505594
163520.210760,0.000000,-7179.997637,2604.724693
163520.211079,296.082377,-5403.503377,3064.381992
163520.211399,-74.020594,-6513.812290,-76.609550
163520.211719,-74.020594,-7105.977043,-1915.238745
163520.212039,370.102971,-10881.027347,995.924147
163520.212358,-1258.350101,-10807.006753,1532.190996
163520.212678,-2516.700203,-11621.233289,1915.238745
163520.212998,-3330.926739,-9992.780217,-536.266849
163520.213318,-1184.329507,-11251.130318,2374.896044
163520.213637,74.020594,-6883.915261,1838.629195
163520.213957,3108.864956,-8660.409521,5132.839837
163520.214277,1998.556043,-6809.894666,1455.581446
163520.214597,-370.102971,-9474.636058,1149.143247
163520.214916,-2368.659014,-11843.295072,-76.609550
163520.215236,-2738.761985,-10732.986159,-76.609550
163520.215556,-2960.823768,-11547.212695,-689.485948
163520.215875,-1332.370696,-10732.986159,-1455.581446
163520.216195,592.164754,-10732.986159,1225.752797
163520.216515,592.164754,-7179.997637,3064.381992
163520.216835,1998.556043,-6957.935855,536.266849
163520.217154,0.000000,-6291.750507,0.000000
163520.217474,-888.247130,-9548.656652,-3677.258390
163520.217794,814.226536,-10066.800811,-689.485948
163520.218114,1998.556043,-11843.295072,1149.143247
163520.218433,740.205942,-10510.924376,612.876398
163520.218753,444.123565,-10658.965565,995.924147
163520.219073,1554.432478,-9548.656652,1302.362347
163520.219393,0.000000,-6587.832884,306.438199
163520.219712,2294.638420,-8290.306550,1149.143247
163520.220032,-1184.329507,-5699.585753,-2145.067394
163520.220352,-1480.411884,-9104.533087,-1455.581446
163520.220672,-3552.988522,-9548.656652,0.000000
163520.220991,-74.020594,-9474.636058,-1302.362347
163520.221311,-3404.947333,-9548.656652,-2757.943793
163520.221631,-3108.864956,-9992.780217,-2681.334243
163520.221950,-1628.453072,-10066.800811,-1455.581446
163520.222270,0.000000,-8956.491898,1149.143247
163520.222590,1110.308913,-9178.553681,2528.115143
163520.222910,-888.247130,-7105.977043,-1378.971896
163520.223229,-1554.432478,-11843.295072,-1302.362347
163520.223549,-4737.318029,-5995.668130,-4903.011187
163520.223869,-2220.617826,-9548.656652,-4596.572988
163520.224189,-74.020594,-9474.636058,-2528.115143
163520.224508,0.000000,-11251.130318,-1838.629195
163520.224828,1628.453072,-11917.315666,1149.143247
163520.225148,1702.473667,-9326.594869,383.047749
163520.225468,1480.411884,-9548.656652,1685.410096
163520.225787,0.000000,-7772.162391,-3370.820191
163520.226107,-2368.659014,-7179.997637,-4290.134789
163520.226427,0.000000,-9252.574275,-919.314598
163520.226747,1702.473667,-10510.924376,-76.609550
163520.227066,814.226536,-8068.244768,-3140.991542
163520.227386,3182.885551,-12139.377449,842.705048
163520.227706,444.123565,-9844.739029,1149.143247
163520.228025,0.000000,-8956.491898,229.828649
163520.228345,592.164754,-7179.997637,-1225.752797
163520.228665,0.000000,-6587.832884,0.000000
163520.228985,-370.102971,-6735.874072,-1838.629195
163520.229304,-2368.659014,-7772.162391,-1225.752797
163520.229624,-814.226536,-11695.253884,-306.438199
163520.229944,-74.020594,-11843.295072,-2528.115143
163520.230264,-2146.597232,-10510.924376,-3524.039291
163520.230583,-1850.514855,-9474.636058,995.924147
163520.230903,592.164754,-9104.533087,1378.971896
163520.231223,1406.391290,-5847.626942,229.828649
163520.231543,1110.308913,-9474.636058,1762.019645
163520.231862,222.061783,-9474.636058,-76.609550
163520.232182,-1554.432478,-9844.739029,-1991.848295
163520.232502,-2368.659014,-10140.821405,-3217.601092
163520.232822,-3552.988522,-10140.821405,-1838.629195
163520.233141,-2960.823768,-10732.986159,0.000000
163520.233461,-74.020594,-8290.306550,-689.485948
163520.233781,3108.864956,-8586.388927,2451.505594
163520.234100,2072.576638,-7031.956449,1149.143247
163520.234420,370.102971,-8290.306550,1532.190996
163520.234740,-222.061783,-10658.965565,2374.896044
163520.235060,-1628.453072,-10658.965565,536.266849
163520.235379,-296.082377,-12805.562797,1762.019645
163520.235699,-1258.350101,-10214.842000,229.828649
163520.236019,-1036.288319,-8660.409521,2451.505594
163520.236339,0.000000,-5995.668130,1225.752797
163520.236658,2294.638420,-8290.306550,1455.581446
163520.236978,-518.144159,-6661.853478,-459.657299
163520.237298,-2146.597232,-9474.636058,0.000000
163520.237618,-2960.823768,-8586.388927,-1072.533697
163520.237937,-370.102971,-11843.295072,-306.438199
163520.238257,-3552.988522,-8364.327145,-2451.505594
163520.238577,666.185348,-12213.398043,766.095498
163520.238897,518.144159,-9770.718434,2987.772442
163520.239216,4071.132681,-9474.636058,1302.362347
163520.239536,4663.297435,-8290.306550,1762.019645
163520.239856,888.247130,-6809.894666,306.438199
163520.240175,518.144159,-9326.594869,766.095498
163520.240495,-148.041188,-8068.244768,-383.047749
163520.240815,1036.288319,-11325.150913,1608.800546
163520.241135,-740.205942,-10066.800811,-2221.676944
163520.241454,-666.185348,-11547.212695,-2068.457845
163520.241774,-1924.535449,-9326.594869,-2528.115143
163520.242094,0.000000,-8956.491898,0.000000
163520.242414,5847.626942,-11843.295072,3600.648841
163520.242733,1776.494261,-9548.656652,1991.848295
163520.243053,444.123565,-8660.409521,1762.019645
163520.243373,-2368.659014,-6513.812290,153.219100
163520.243693,-1850.514855,-8734.430116,-1608.800546
163520.244012,-3256.906145,-5995.668130,-6128.763984
163520.244332,-74.020594,-11251.130318,229.828649
163520.244652,740.205942,-9844.739029,1838.629195
163520.244972,1406.391290,-10658.965565,2681.334243
163520.245291,-666.185348,-9474.636058,-76.609550
163520.245611,-1850.514855,-9474.636058,-3753.867940
163520.245931,-4737.318029,-8364.327145,-1838.629195
163520.246250,-2442.679609,-8882.471304,-3294.210641
163520.246570,-888.247130,-9474.636058,-2528.115143
163520.246890,0.000000,-9548.656652,0.000000
163520.247210,-1406.391290,-8956.491898,0.000000
163520.247529,740.205942,-8882.471304,2068.457845
163520.247849,2294.638420,-8734.430116,2145.067394
163520.248169,740.205942,-7105.977043,-383.047749
163520.248489,814.226536,-8882.471304,-76.609550
163520.248808,-2368.659014,-7179.997637,0.000000
163520.249128,814.226536,-9326.594869,-229.828649
163520.249448,0.000000,-10732.986159,-459.657299
163520.249768,-1258.350101,-11251.130318,-3447.429741
163520.250087,-3552.988522,-10732.986159,0.000000
163520.250407,0.000000,-9548.656652,306.438199
163520.250727,3404.947333,-10066.800811,2604.724693
163520.251047,1628.453072,-6069.688724,919.314598
163520.251366,0.000000,-7846.182985,459.657299
163520.251686,-370.102971,-5181.441594,-2451.505594
163520.252006,0.000000,-9918.759623,-1685.410096
163520.252325,1332.370696,-12657.521608,-76.609550
163520.252645,-2442.679609,-11843.295072,-3140.991542
163520.252965,-5329.482782,-10436.903782,-1991.848295
163520.253285,-3552.988522,-9548.656652,-919.314598
163520.253604,1998.556043,-10658.965565,-689.485948
163520.253924,2516.700203,-8512.368333,-536.266849
163520.254244,1110.308913,-10066.800811,2681.334243
163520.254564,-2146.597232,-5773.606348,306.438199
163520.254883,-370.102971,-7402.059420,-689.485948
163520.255203,-1554.432478,-6883.915261,-3524.039291
163520.255523,0.000000,-9548.656652,-1225.752797
163520.255843,1406.391290,-10140.821405,612.876398
163520.256162,4071.132681,-11251.130318,4519.963438
163520.256482,592.164754,-9548.656652,766.095498
163520.256802,-962.267725,-9474.636058,-689.485948
163520.257122,-3182.885551,-9474.636058,-229.828649
163520.257441,-3256.906145,-7846.182985,-153.219100
163520.257761,-666.185348,-9178.553681,-1685.410096
163520.258081,-74.020594,-9474.636058,-689.485948
163520.258400,-74.020594,-9474.636058,-76.609550
163520.258720,-888.247130,-8290.306550,2374.896044
163520.259040,1702.473667,-8734.430116,2068.457845
163520.259360,2294.638420,-8882.471304,2374.896044
163520.259679,-1850.514855,-7328.038826,0.000000
163520.259999,-1850.514855,-8512.368333,612.876398
163520.260319,-740.205942,-8956.491898,-383.047749
163520.260639,0.000000,-10807.006753,0.000000
163520.260958,-2960.823768,-7772.162391,-4903.011187
163520.261278,-3552.988522,-11325.150913,-2221.676944
163520.261598,-2960.823768,-9548.656652,-1838.629195
163520.261918,2886.803174,-13027.624579,-76.609550
163520.262237,1554.432478,-9474.636058,-76.609550
163520.262557,3330.926739,-11843.295072,3983.696590
163520.262877,592.164754,-8660.409521,2221.676944
163520.263197,1036.288319,-7254.018232,-306.438199
163520.263516,148.041188,-8068.244768,-2528.115143
163520.263836,-3552.988522,-5995.668130,-4903.011187
163520.264156,-2368.659014,-9844.739029,-2834.553343
163520.264475,0.000000,-9548.656652,-1762.019645
163520.264795,2368.659014,-13693.809927,1225.752797
163520.265115,2294.638420,-12435.459826,1991.848295
163520.265435,-74.020594,-11843.295072,-76.609550
163520.265754,-2220.617826,-7550.100608,2145.067394
163520.266074,-962.267725,-5921.647536,-1455.581446
163520.266394,814.226536,-5847.626942,-1915.238745
163520.266714,444.123565,-7402.059420,-1149.143247
163520.267033,0.000000,-7920.203579,536.266849
163520.267353,1998.556043,-10658.965565,2987.772442
163520.267673,0.000000,-9030.512492,612.876398
163520.267993,-2812.782580,-7179.997637,-2374.896044
163520.268312,-4737.318029,-9548.656652,0.000000
163520.268632,-1258.350101,-8290.306550,-76.609550
163520.268952,-1776.494261,-7254.018232,-919.314598
163520.269272,-962.267725,-7105.977043,-2298.286494
163520.269591,-1184.329507,-9548.656652,-1685.410096
163520.269911,-2072.576638,-10732.986159,612.876398
163520.270231,-814.226536,-9548.656652,919.314598
163520.270550,1332.370696,-11251.130318,1302.362347
163520.270870,1480.411884,-9992.780217,2145.067394
163520.271190,1702.473667,-9474.636058,1762.019645
163520.271510,0.000000,-4219.173869,-766.095498
163520.271829,2886.803174,-10658.965565,-76.609550
163520.272149,0.000000,-8956.491898,-2911.162892
163520.272469,-888.247130,-12287.418637,-2757.943793
163520.272789,-1924.535449,-11843.295072,-612.876398
163520.273108,0.000000,-11917.315666,612.876398
163520.273428,740.205942,-10732.986159,1225.752797
163520.273748,0.000000,-7179.997637,0.000000
163520.274068,1184.329507,-8068.244768,2451.505594
163520.274387,1110.308913,-7105.977043,1225.752797
163520.274707,2294.638420,-8882.471304,-1608.800546
163520.275027,-444.123565,-9326.594869,-1378.971896
163520.275347,-1628.453072,-11325.150913,-1149.143247
163520.275666,-2886.803174,-9844.739029,-689.485948
163520.275986,-1110.308913,-10140.821405,-76.609550
163520.276306,0.000000,-8364.327145,0.000000
163520.276625,1998.556043,-9474.636058,-76.609550
163520.276945,0.000000,-8956.491898,1225.752797
163520.277265,518.144159,-10362.883188,5745.716235
163520.277585,-370.102971,-7698.141797,-689.485948
163520.277904,-296.082377,-10288.862594,1149.143247
163520.278224,-1776.494261,-9918.759623,0.000000
163520.278544,-888.247130,-8438.347739,1685.410096
163520.278864,888.247130,-10140.821405,2681.334243
163520.279183,0.000000,-4811.338623,1225.752797
163520.279503,-1184.329507,-8956.491898,1838.629195
163520.279823,-1776.494261,-8660.409521,2757.943793
163520.280143,-74.020594,-10288.862594,3600.648841
163520.280462,-370.102971,-9770.718434,2681.334243
163520.280782,0.000000,-8364.327145,3370.820191
163520.281102,-3256.906145,-8660.409521,2298.286494
163520.281422,-1850.514855,-7994.224174,2987.772442
163520.281741,888.247130,-10214.842000,3983.696590
163520.282061,2294.638420,-10214.842000,6128.763984
163520.282381,2294.638420,-9030.512492,3907.087040
163520.282700,-740.205942,-9992.780217,6818.249932
163520.283020,-2812.782580,-8512.368333,4136.915689
163520.283340,-2812.782580,-8734.430116,3447.429741
163520.283660,-1554.432478,-8734.430116,2987.772442
163520.283979,-74.020594,-8882.471304,2068.457845
163520.284299,-2072.576638,-8364.327145,3064.381992
163520.284619,-74.020594,-11843.295072,4213.525239
163520.284939,2294.638420,-13619.789333,7737.564530
163520.285258,1184.329507,-10732.986159,7967.393179
163520.285578,296.082377,-8956.491898,6971.469032
163520.285898,1184.329507,-10510.924376,7431.126331
163520.286218,74.020594,-8956.491898,6894.859482
163520.286537,-666.185348,-7254.018232,4749.792088
163520.286857,1110.308913,-8438.347739,4979.620737
163520.287177,148.041188,-7994.224174,3447.429741
163520.287497,0.000000,-10881.027347,3677.258390
163520.287816,-296.082377,-10732.986159,4903.011187
163520.288136,-666.185348,-11399.171507,4826.401637
163520.288456,0.000000,-10732.986159,6741.640382
163520.288775,1036.288319,-9548.656652,5592.497135
163520.289095,2590.720797,-10510.924376,9193.145976
163520.289415,2146.597232,-8068.244768,8580.269578
163520.289735,-370.102971,-8142.265362,6971.469032
163520.290054,-1258.350101,-7698.141797,4826.401637
163520.290374,-3404.947333,-7179.997637,1991.848295
163520.290694,-6513.812290,-7179.997637,612.876398
163520.291014,-2886.803174,-8882.471304,1838.629195
163520.291333,-2590.720797,-9030.512492,2374.896044
163520.291653,-3552.988522,-7179.997637,1225.752797
163520.291973,-1998.556043,-8068.244768,612.876398
163520.292293,-2886.803174,-11399.171507,2451.505594
163520.292612,-962.267725,-11177.109724,3064.381992
163520.292932,-74.020594,-9696.697840,2987.772442
163520.293252,3478.967927,-9474.636058,7277.907231
163520.293572,4071.132681,-8290.306550,3600.648841
163520.293891,74.020594,-7624.121203,2068.457845
163520.294211,-1184.329507,-5995.668130,-1378.971896
163520.294531,-1776.494261,-9844.739029,-76.609550
163520.294850,-4737.318029,-9548.656652,-3370.820191
163520.295170,-1332.370696,-10732.986159,-1685.410096
163520.295490,0.000000,-11325.150913,153.219100
163520.295810,1332.370696,-9548.656652,1149.143247
163520.296129,4663.297435,-10955.047942,2681.334243
163520.296449,4663.297435,-10288.862594,3600.648841
163520.296769,4071.132681,-8882.471304,2987.772442
163520.297089,2294.638420,-11547.212695,4826.401637
163520.297408,1110.308913,-10658.965565,2068.457845
163520.297728,2664.741391,-11917.315666,4673.182538
163520.298048,888.247130,-8660.409521,2451.505594
163520.298368,-370.102971,-7994.224174,995.924147
163520.298687,-1776.494261,-8142.265362,-2221.676944
163520.299007,-2368.659014,-9548.656652,-4290.134789
163520.299327,-3552.988522,-9548.656652,-4596.572988
163520.299647,-4145.153275,-9696.697840,-1225.752797
163520.299966,-4737.318029,-9548.656652,0.000000
163520.300286,74.020594,-11103.089130,2451.505594
163520.300606,2294.638420,-9474.636058,4519.963438
163520.300925,1184.329507,-4811.338623,4903.011187
163520.301245,2590.720797,-6365.771101,4213.525239
163520.301565,1332.370696,-6809.894666,689.485948
163520.301885,666.185348,-8660.409521,-842.705048
163520.302204,-1850.514855,-8882.471304,-1915.238745
163520.302524,-3627.009116,-11843.295072,-1915.238745
163520.302844,-5107.421000,-14211.954086,-1915.238745
163520.303164,-4737.318029,-12213.398043,-3294.210641
163520.303483,-592.164754,-11843.295072,153.219100
163520.303803,2146.597232,-10140.821405,6588.421283
163520.304123,0.000000,-5107.421000,4903.011187
163520.304443,4589.276840,-6217.729913,5132.839837
163520.304762,5995.668130,-6439.791695,4979.620737
163520.305082,3627.009116,-7698.141797,4060.306139
163520.305402,-74.020594,-9474.636058,3600.648841
163520.305722,-4737.318029,-11325.150913,1838.629195
163520.306041,-3627.009116,-13619.789333,1149.143247
163520.306361,-4145.153275,-11991.336260,-1302.362347
163520.306681,-4737.318029,-9548.656652,0.000000
163520.307000,-666.185348,-10881.027347,3294.210641
163520.307320,1480.411884,-7772.162391,6128.763984
163520.307640,3701.029710,-7772.162391,5822.325785
163520.307960,4367.215058,-6957.935855,7277.907231
163520.308279,2590.720797,-6217.729913,6128.763984
163520.308599,2294.638420,-5625.565159,4903.011187
163520.308919,444.123565,-7624.121203,2451.505594
163520.309239,-370.102971,-10362.883188,-76.609550
163520.309558,-370.102971,-14211.954086,-76.609550
163520.309878,-2294.638420,-15396.283594,2374.896044
163520.310198,-666.185348,-18357.107362,5745.716235
163520.310518,-4293.194464,-12509.480420,3524.039291
163520.310837,-3552.988522,-7698.141797,3140.991542
163520.311157,518.144159,-3330.926739,4903.011187
163520.311477,3552.988522,-74.020594,5515.887586
163520.311797,6513.812290,-2442.679609,8273.831378
163520.312116,5625.565159,-5995.668130,6128.763984
163520.312436,3256.906145,-11251.130318,9729.412825
163520.312756,-3182.885551,-12361.439231,3907.087040
163520.313076,-5403.503377,-14211.954086,2374.896044
163520.313395,-8290.306550,-12657.521608,-459.657299
163520.313715,-6291.750507,-10214.842000,-1532.190996
